Pandapower Network Debug Info
==================================================

BUS:
       vm_pu  va_degree      p_mw    q_mvar
0   0.995511   0.249382 -0.000323  0.000919
1   0.992675   0.401860  0.000108  0.002250
2   0.990043   0.522068  0.000685  0.002813
3   0.992677   0.389111  0.000867  0.004286
4   0.990685   0.308987  0.002161  0.005130
5   0.993864   0.279108  0.002125  0.006512
6   0.993519   0.345590 -0.000394  0.001009
7   0.998574   0.058833  0.000434  0.001777
8   0.998261   0.066161  0.000273  0.003162
9   0.999843   0.001796  0.009823  0.008574
10  0.999849   0.001778  0.007974  0.009969
11  0.999865   0.001647  0.011388  0.012103
12  0.999800   0.003037  0.008959  0.006840
13  0.999775   0.003188  0.011557  0.008890
14  0.999784   0.003191  0.010192  0.012892
15  0.999938   0.001021  0.000000  0.000000
16  0.999938   0.001027  0.000000  0.000000
17  0.999805   0.003040  0.000000  0.000000
18  0.999805   0.003050  0.000000  0.000000
19  1.000000   0.000000 -0.030635 -0.045987
20  1.000000   0.000006  0.000000  0.000000
21  1.000000   0.000000 -0.035439 -0.051298
22  1.000000   0.000007  0.000000  0.000000
--------------------------------------------------

LINE:
    p_from_mw  q_from_mvar   p_to_mw  q_to_mvar         pl_mw       ql_mvar  i_from_ka   i_to_ka      i_ka  vm_from_pu  va_from_degree  vm_to_pu  va_to_degree  loading_percent
0    0.030625     0.041987 -0.030622  -0.041985  2.641729e-06  2.059799e-06   0.002000  0.002000  0.002000    1.000000        0.000006  0.999938      0.001021         0.869692
1    0.035429     0.047298 -0.035420  -0.047291  9.393966e-06  7.324630e-06   0.002275  0.002275  0.002275    1.000000        0.000007  0.999805      0.003040         0.988962
2    0.029187     0.030649 -0.029185  -0.030647  2.478108e-06  1.932222e-06   0.001629  0.001629  0.001629    0.999938        0.001021  0.999865      0.001647         0.708311
3    0.008959     0.006840 -0.008959  -0.006840  4.395668e-08  3.427374e-08   0.000434  0.000434  0.000434    0.999805        0.003040  0.999800      0.003037         0.188671
4    0.021750     0.021783 -0.021749  -0.021782  5.183048e-07  4.041308e-07   0.001185  0.001185  0.001185    0.999805        0.003040  0.999784      0.003191         0.515230
5    0.001425     0.010336 -0.001374  -0.010297  5.092768e-05  3.970915e-05   0.015061  0.015061  0.015061    0.999938        0.001027  0.995511      0.249382         6.548401
6    0.001779     0.007558 -0.001732  -0.007522  4.679110e-05  3.648379e-05   0.011209  0.011209  0.011209    0.999805        0.003050  0.993864      0.279108         4.873640
7    0.000436     0.001779 -0.000434  -0.001777  2.267282e-06  1.767837e-06   0.002644  0.002644  0.002644    0.999805        0.003050  0.998574      0.058833         1.149628
8    0.002485     0.008332 -0.002472  -0.008322  1.300316e-05  1.013878e-05   0.012552  0.012552  0.012552    0.999805        0.003050  0.998261      0.066161         5.457462
9    0.009823     0.008574 -0.009823  -0.008574  5.880712e-08  4.585288e-08   0.000502  0.000502  0.000502    0.999849        0.001778  0.999843      0.001796         0.218227
10   0.017797     0.018543 -0.017797  -0.018543  3.231594e-07  2.519727e-07   0.000989  0.000989  0.000989    0.999865        0.001647  0.999849      0.001778         0.430174
11   0.011557     0.008890 -0.011557  -0.008890  1.040223e-07  8.110789e-08   0.000561  0.000561  0.000561    0.999784        0.003191  0.999775      0.003188         0.244062
12  -0.000800    -0.005069  0.000816   0.005082  1.581281e-05  1.232950e-05   0.007462  0.007462  0.007462    0.992675        0.401860  0.995511      0.249382         3.244388
13  -0.000867    -0.004286  0.000880   0.004296  1.295590e-05  1.010193e-05   0.006358  0.006358  0.006358    0.992677        0.389111  0.995511      0.249382         2.764392
14  -0.000685    -0.002813  0.000692   0.002819  7.735861e-06  6.031779e-06   0.004221  0.004221  0.004221    0.990043        0.522068  0.992675      0.401860         1.835182
15   0.002200     0.005160 -0.002161  -0.005130  3.841759e-05  2.995483e-05   0.008110  0.008110  0.008110    0.998261        0.066161  0.990685      0.308987         3.526267
16   0.000394    -0.001009 -0.000393   0.001009  1.034293e-06  8.064550e-07   0.001573  0.001573  0.001573    0.993519        0.345590  0.993864      0.279108         0.684004
--------------------------------------------------

TRAFO:
    p_hv_mw  q_hv_mvar   p_lv_mw  q_lv_mvar    pl_mw  ql_mvar   i_hv_ka   i_lv_ka  vm_hv_pu  va_hv_degree  vm_lv_pu  va_lv_degree  loading_percent
0  0.001435   0.011336 -0.001425  -0.010336  0.00001    0.001  0.000440  0.015061  0.999938      0.001021  0.999938      0.001027         0.114274
1  0.004710   0.018668 -0.004700  -0.017669  0.00001    0.001  0.000741  0.026395  0.999805      0.003040  0.999805      0.003050         0.192572
2  0.030635   0.045987 -0.030625  -0.041987  0.00001    0.004  0.000456  0.002000  1.000000      0.000000  1.000000      0.000006         0.138142
3  0.035439   0.051298 -0.035429  -0.047298  0.00001    0.004  0.000514  0.002275  1.000000      0.000000  1.000000      0.000007         0.155874
--------------------------------------------------
