Pandapower Network Debug Info
==================================================

BUS:
       vm_pu  va_degree      p_mw    q_mvar
0   0.992426   0.142927  0.000994  0.000964
1   0.987854   0.233839  0.001611  0.002216
2   0.983923   0.322858  0.001849  0.003111
3   0.988060   0.238899  0.002825  0.004662
4   0.988588   0.217324  0.003368  0.005195
5   0.991990   0.108927  0.003597  0.005400
6   0.990106   0.099030  0.001427  0.000918
7   0.997650   0.018509  0.001738  0.001797
8   0.997723   0.035735  0.002306  0.002710
9   0.999824   0.000380  0.011331  0.009794
10  0.999830   0.000361  0.012774  0.007940
11  0.999849   0.000391  0.011174  0.010020
12  0.999772   0.001304  0.009658  0.005518
13  0.999743   0.001444  0.012838  0.009784
14  0.999753   0.001450  0.012340  0.013221
15  0.999928   0.000371  0.000000  0.000000
16  0.999928   0.000378  0.000000  0.000000
17  0.999777   0.001344  0.000000  0.000000
18  0.999776   0.001354  0.000000  0.000000
19  1.000000   0.000000 -0.042725 -0.043821
20  1.000000   0.000006  0.000000  0.000000
21  1.000000   0.000000 -0.047426 -0.049648
22  1.000000   0.000007  0.000000  0.000000
--------------------------------------------------

LINE:
    p_from_mw  q_from_mvar   p_to_mw  q_to_mvar         pl_mw       ql_mvar  i_from_ka   i_to_ka      i_ka  vm_from_pu  va_from_degree  vm_to_pu  va_to_degree  loading_percent
0    0.042715     0.039821 -0.042712  -0.039819  3.335731e-06  2.600925e-06   0.002248  0.002248  0.002248    1.000000        0.000006  0.999928      0.000371         0.977275
1    0.047416     0.045648 -0.047405  -0.045639  1.165262e-05  9.085741e-06   0.002533  0.002533  0.002533    1.000000        0.000007  0.999777      0.001344         1.101455
2    0.035284     0.027756 -0.035281  -0.027754  2.788236e-06  2.174033e-06   0.001728  0.001728  0.001728    0.999928        0.000371  0.999849      0.000391         0.751326
3    0.009658     0.005518 -0.009658  -0.005518  4.280544e-08  3.337611e-08   0.000428  0.000428  0.000428    0.999777        0.001344  0.999772      0.001304         0.186184
4    0.025179     0.023006 -0.025178  -0.023006  6.363360e-07  4.961617e-07   0.001313  0.001313  0.001313    0.999777        0.001344  0.999753      0.001450         0.570889
5    0.007418     0.011062 -0.007335  -0.010998  8.298660e-05  6.470602e-05   0.019226  0.019226  0.019226    0.999928        0.000378  0.992426      0.142927         8.359154
6    0.005078     0.006360 -0.005027  -0.006320  5.140694e-05  4.008284e-05   0.011749  0.011749  0.011749    0.999776        0.001354  0.991990      0.108927         5.108374
7    0.001743     0.001801 -0.001738  -0.001797  4.243971e-06  3.309094e-06   0.003618  0.003618  0.003618    0.999776        0.001354  0.997650      0.018509         1.572862
8    0.005738     0.007955 -0.005721  -0.007942  1.654790e-05  1.290267e-05   0.014160  0.014160  0.014160    0.999776        0.001354  0.997723      0.035735         6.156555
9    0.011332     0.009795 -0.011331  -0.009794  7.760699e-08  6.051144e-08   0.000577  0.000577  0.000577    0.999830        0.000361  0.999824      0.000380         0.250694
10   0.024106     0.017734 -0.024106  -0.017734  4.381559e-07  3.416374e-07   0.001152  0.001152  0.001152    0.999849        0.000391  0.999830      0.000361         0.500899
11   0.012838     0.009784 -0.012838  -0.009784  1.274873e-07  9.940397e-08   0.000621  0.000621  0.000621    0.999753        0.001450  0.999743      0.001444         0.270190
12  -0.003472    -0.005336  0.003496   0.005356  2.457202e-05  1.915921e-05   0.009302  0.009302  0.009302    0.987854        0.233839  0.992426      0.142927         4.044350
13  -0.002825    -0.004662  0.002845   0.004678  2.032309e-05  1.584625e-05   0.007963  0.007963  0.007963    0.988060        0.238899  0.992426      0.142927         3.462268
14  -0.001849    -0.003111  0.001861   0.003120  1.223588e-05  9.540514e-06   0.005308  0.005308  0.005308    0.983923        0.322858  0.987854      0.233839         2.308034
15   0.003415     0.005232 -0.003368  -0.005195  4.771859e-05  3.720697e-05   0.009039  0.009039  0.009039    0.997723        0.035735  0.988588      0.217324         3.930013
16  -0.001427    -0.000918  0.001430   0.000920  2.556878e-06  1.993640e-06   0.002474  0.002474  0.002474    0.990106        0.099030  0.991990      0.108927         1.075454
--------------------------------------------------

TRAFO:
    p_hv_mw  q_hv_mvar   p_lv_mw  q_lv_mvar    pl_mw  ql_mvar   i_hv_ka   i_lv_ka  vm_hv_pu  va_hv_degree  vm_lv_pu  va_lv_degree  loading_percent
0  0.007428   0.012062 -0.007418  -0.011062  0.00001    0.001  0.000545  0.019226  0.999928      0.000371  0.999928      0.000378         0.141669
1  0.012568   0.017115 -0.012558  -0.016115  0.00001    0.001  0.000817  0.029496  0.999777      0.001344  0.999776      0.001354         0.212386
2  0.042725   0.043821 -0.042715  -0.039821  0.00001    0.004  0.000505  0.002248  1.000000      0.000000  1.000000      0.000006         0.153006
3  0.047426   0.049648 -0.047416  -0.045648  0.00001    0.004  0.000566  0.002533  1.000000      0.000000  1.000000      0.000007         0.171650
--------------------------------------------------
