Pandapower Network Debug Info
==================================================

BUS:
       vm_pu  va_degree      p_mw    q_mvar
0   0.993331   0.093932  0.000857  0.000858
1   0.989024   0.161017  0.001623  0.002171
2   0.985474   0.216279  0.001901  0.002522
3   0.989799   0.145555  0.002612  0.003364
4   0.989336   0.280832  0.002666  0.005401
5   0.992182   0.094376  0.003778  0.004950
6   0.990359   0.097698  0.001258  0.001047
7   0.997645   0.031939  0.001582  0.002015
8   0.997803   0.046252  0.002234  0.002938
9   0.999828   0.000983  0.010296  0.008102
10  0.999834   0.000982  0.012069  0.010770
11  0.999852   0.000942  0.010370  0.011720
12  0.999775   0.001632  0.008973  0.007110
13  0.999747   0.001712  0.013251  0.010975
14  0.999757   0.001694  0.011807  0.010618
15  0.999930   0.000540  0.000000  0.000000
16  0.999930   0.000545  0.000000  0.000000
17  0.999780   0.001630  0.000000  0.000000
18  0.999780   0.001639  0.000000  0.000000
19  1.000000   0.000000 -0.039859 -0.044593
20  1.000000   0.000006  0.000000  0.000000
21  1.000000   0.000000 -0.045698 -0.050152
22  1.000000   0.000007  0.000000  0.000000
--------------------------------------------------

LINE:
    p_from_mw  q_from_mvar   p_to_mw  q_to_mvar         pl_mw       ql_mvar  i_from_ka   i_to_ka      i_ka  vm_from_pu  va_from_degree  vm_to_pu  va_to_degree  loading_percent
0    0.039849     0.040593 -0.039846  -0.040590  3.164923e-06  2.467742e-06   0.002189  0.002189  0.002189    1.000000        0.000006  0.999930      0.000540         0.951925
1    0.045688     0.046152 -0.045677  -0.046143  1.134424e-05  8.845294e-06   0.002500  0.002500  0.002500    1.000000        0.000007  0.999780      0.001630         1.086783
2    0.032738     0.030595 -0.032735  -0.030593  2.777806e-06  2.165901e-06   0.001725  0.001725  0.001725    0.999930        0.000540  0.999852      0.000942         0.749920
3    0.008973     0.007110 -0.008973  -0.007110  4.534660e-08  3.535749e-08   0.000441  0.000441  0.000441    0.999780        0.001630  0.999775      0.001632         0.191631
4    0.025059     0.021593 -0.025058  -0.021592  5.985605e-07  4.667075e-07   0.001273  0.001273  0.001273    0.999780        0.001630  0.999757      0.001694         0.553685
5    0.007097     0.008995 -0.007036  -0.008947  6.141531e-05  4.788653e-05   0.016540  0.016540  0.016540    0.999930        0.000545  0.993331      0.093932         7.191122
6    0.005087     0.006036 -0.005038  -0.005998  4.835910e-05  3.770639e-05   0.011396  0.011396  0.011396    0.999780        0.001639  0.992182      0.094376         4.954626
7    0.001587     0.002018 -0.001582  -0.002015  4.454371e-06  3.473146e-06   0.003706  0.003706  0.003706    0.999780        0.001639  0.997645      0.031939         1.611379
8    0.004962     0.008386 -0.004945  -0.008374  1.633264e-05  1.273483e-05   0.014068  0.014068  0.014068    0.999780        0.001639  0.997803      0.046252         6.116380
9    0.010296     0.008102 -0.010296  -0.008102  5.938041e-08  4.629988e-08   0.000504  0.000504  0.000504    0.999834        0.000982  0.999828      0.000983         0.219288
10   0.022365     0.018873 -0.022365  -0.018872  4.189561e-07  3.266670e-07   0.001127  0.001127  0.001127    0.999852        0.000942  0.999834      0.000982         0.489802
11   0.013251     0.010975 -0.013251  -0.010975  1.448548e-07  1.129456e-07   0.000662  0.000662  0.000662    0.999757        0.001694  0.999747      0.001712         0.288007
12  -0.003534    -0.004699  0.003554   0.004716  2.090969e-05  1.630363e-05   0.008581  0.008581  0.008581    0.989024        0.161017  0.993331      0.093932         3.730801
13  -0.002612    -0.003364  0.002625   0.003373  1.236105e-05  9.638118e-06   0.006210  0.006210  0.006210    0.989799        0.145555  0.993331      0.093932         2.700186
14  -0.001901    -0.002522  0.001911   0.002529  9.290082e-06  7.243630e-06   0.004626  0.004626  0.004626    0.985474        0.216279  0.989024      0.161017         2.011104
15   0.002711     0.005436 -0.002666  -0.005401  4.509424e-05  3.516072e-05   0.008787  0.008787  0.008787    0.997803        0.046252  0.989336      0.280832         3.820416
16  -0.001258    -0.001047  0.001261   0.001048  2.377761e-06  1.853979e-06   0.002385  0.002385  0.002385    0.990359        0.097698  0.992182      0.094376         1.037100
--------------------------------------------------

TRAFO:
    p_hv_mw  q_hv_mvar   p_lv_mw  q_lv_mvar    pl_mw  ql_mvar   i_hv_ka   i_lv_ka  vm_hv_pu  va_hv_degree  vm_lv_pu  va_lv_degree  loading_percent
0  0.007107   0.009995 -0.007097  -0.008995  0.00001    0.001  0.000472  0.016540   0.99993       0.00054   0.99993      0.000545         0.122654
1  0.011645   0.017440 -0.011635  -0.016440  0.00001    0.001  0.000807  0.029077   0.99978       0.00163   0.99978      0.001639         0.209749
2  0.039859   0.044593 -0.039849  -0.040593  0.00001    0.004  0.000493  0.002189   1.00000       0.00000   1.00000      0.000006         0.149525
3  0.045698   0.050152 -0.045688  -0.046152  0.00001    0.004  0.000560  0.002500   1.00000       0.00000   1.00000      0.000007         0.169623
--------------------------------------------------
