Pandapower Network Debug Info
==================================================

BUS:
       vm_pu  va_degree      p_mw    q_mvar
0   0.998987   0.345814 -0.001875  0.000831
1   0.998527   0.547060 -0.001838  0.001618
2   0.997313   0.696495 -0.000562  0.002433
3   0.997352   0.523566 -0.000730  0.004060
4   0.993575   0.511150 -0.000167  0.005784
5   0.997802   0.345093 -0.000459  0.005112
6   0.998591   0.453609 -0.001615  0.000908
7   0.999315   0.129497 -0.001062  0.002391
8   0.998919   0.095700 -0.000950  0.002562
9   0.999858   0.002103  0.007934  0.010369
10  0.999864   0.002020  0.009340  0.009178
11  0.999880   0.001850  0.009859  0.009508
12  0.999856   0.004803  0.006679  0.006530
13  0.999836   0.005175  0.006023  0.009320
14  0.999843   0.005045  0.008861  0.010846
15  0.999948   0.001224  0.000000  0.000000
16  0.999948   0.001229  0.000000  0.000000
17  0.999860   0.004777  0.000000  0.000000
18  0.999860   0.004787  0.000000  0.000000
19  1.000000   0.000000 -0.022232 -0.043061
20  1.000000   0.000006  0.000000  0.000000
21  1.000000   0.000000 -0.017428 -0.048530
22  1.000000   0.000007  0.000000  0.000000
--------------------------------------------------

LINE:
    p_from_mw  q_from_mvar   p_to_mw  q_to_mvar         pl_mw       ql_mvar  i_from_ka   i_to_ka      i_ka  vm_from_pu  va_from_degree  vm_to_pu  va_to_degree  loading_percent
0    0.022222     0.039061 -0.022220  -0.039060  1.975422e-06  1.540269e-06   0.001730  0.001730  0.001730    1.000000        0.000006  0.999948      0.001224         0.752058
1    0.017418     0.044530 -0.017412  -0.044525  6.149900e-06  4.795178e-06   0.001840  0.001840  0.001840    1.000000        0.000007  0.999860      0.004777         0.800182
2    0.027136     0.029056 -0.027134  -0.029055  2.186702e-06  1.705008e-06   0.001530  0.001530  0.001530    0.999948        0.001224  0.999880      0.001850         0.665363
3    0.006679     0.006530 -0.006679  -0.006530  3.018379e-08  2.353480e-08   0.000360  0.000360  0.000360    0.999860        0.004777  0.999856      0.004803         0.156344
4    0.014884     0.020166 -0.014884  -0.020166  3.436048e-07  2.679143e-07   0.000965  0.000965  0.000965    0.999860        0.004777  0.999843      0.005045         0.419506
5   -0.004926     0.009003  0.004976  -0.008965  4.927076e-05  3.841722e-05   0.014814  0.014814  0.014814    0.999948        0.001229  0.998987      0.345814         6.440995
6   -0.002040     0.006047  0.002072  -0.006023  3.160786e-05  2.464517e-05   0.009213  0.009213  0.009213    0.999860        0.004787  0.997802      0.345093         4.005617
7   -0.001058     0.002394  0.001062  -0.002391  4.630371e-06  3.610377e-06   0.003779  0.003779  0.003779    0.999860        0.004787  0.999315      0.129497         1.642905
8   -0.001064     0.008388  0.001076  -0.008378  1.229427e-05  9.586044e-06   0.012205  0.012205  0.012205    0.999860        0.004787  0.998919      0.095700         5.306615
9    0.007934     0.010369 -0.007934  -0.010369  5.896836e-08  4.597860e-08   0.000503  0.000503  0.000503    0.999864        0.002020  0.999858      0.002103         0.218526
10   0.017275     0.019547 -0.017274  -0.019547  3.328916e-07  2.595610e-07   0.001004  0.001004  0.001004    0.999880        0.001850  0.999864      0.002020         0.436604
11   0.006023     0.009320 -0.006023  -0.009320  6.024233e-08  4.697194e-08   0.000427  0.000427  0.000427    0.999843        0.005045  0.999836      0.005175         0.185732
12   0.002395    -0.004055 -0.002382   0.004065  1.315921e-05  1.026045e-05   0.006807  0.006807  0.006807    0.998527        0.547060  0.998987      0.345814         2.959669
13   0.000730    -0.004060 -0.000719   0.004069  1.142205e-05  8.905960e-06   0.005970  0.005970  0.005970    0.997352        0.523566  0.998987      0.345814         2.595601
14   0.000562    -0.002433 -0.000557   0.002437  5.670115e-06  4.421082e-06   0.003614  0.003614  0.003614    0.997313        0.696495  0.998527      0.547060         1.571161
15  -0.000126     0.005816  0.000167  -0.005784  4.127022e-05  3.217907e-05   0.008406  0.008406  0.008406    0.998919        0.095700  0.993575      0.511150         3.654841
16   0.001615    -0.000908 -0.001612   0.000910  2.997945e-06  2.337547e-06   0.002678  0.002678  0.002678    0.998591        0.453609  0.997802      0.345093         1.164524
--------------------------------------------------

TRAFO:
    p_hv_mw  q_hv_mvar   p_lv_mw  q_lv_mvar    pl_mw  ql_mvar   i_hv_ka   i_lv_ka  vm_hv_pu  va_hv_degree  vm_lv_pu  va_lv_degree  loading_percent
0 -0.004916   0.010003  0.004926  -0.009003  0.00001    0.001  0.000429  0.014814  0.999948      0.001224  0.999948      0.001229         0.111467
1 -0.004152   0.017829  0.004162  -0.016829  0.00001    0.001  0.000705  0.025026  0.999860      0.004777  0.999860      0.004787         0.183084
2  0.022232   0.043061 -0.022222  -0.039061  0.00001    0.004  0.000400  0.001730  1.000000      0.000000  1.000000      0.000006         0.121154
3  0.017428   0.048530 -0.017418  -0.044530  0.00001    0.004  0.000425  0.001840  1.000000      0.000000  1.000000      0.000007         0.128912
--------------------------------------------------
