Pandapower Network Debug Info
==================================================

BUS:
       vm_pu  va_degree      p_mw    q_mvar
0   0.993102   0.124770  0.000983  0.000971
1   0.988983   0.216695  0.001280  0.001839
2   0.985172   0.313655  0.001697  0.003146
3   0.989177   0.192217  0.002776  0.003896
4   0.988666   0.204108  0.003415  0.004969
5   0.992150   0.094280  0.003889  0.005209
6   0.990561   0.089297  0.001171  0.000815
7   0.997785   0.030781  0.001465  0.001906
8   0.997641   0.041108  0.002308  0.003540
9   0.999830   0.001181  0.009010  0.011137
10  0.999836   0.001099  0.013114  0.007953
11  0.999854   0.001048  0.009643  0.011060
12  0.999778   0.001131  0.008695  0.006751
13  0.999752   0.001112  0.011429  0.008822
14  0.999761   0.001114  0.014030  0.010476
15  0.999931   0.000621  0.000000  0.000000
16  0.999931   0.000627  0.000000  0.000000
17  0.999783   0.001132  0.000000  0.000000
18  0.999783   0.001141  0.000000  0.000000
19  1.000000   0.000000 -0.038645 -0.045097
20  1.000000   0.000006  0.000000  0.000000
21  1.000000   0.000000 -0.046552 -0.047588
22  1.000000   0.000007  0.000000  0.000000
--------------------------------------------------

LINE:
    p_from_mw  q_from_mvar   p_to_mw  q_to_mvar         pl_mw       ql_mvar  i_from_ka   i_to_ka      i_ka  vm_from_pu  va_from_degree  vm_to_pu  va_to_degree  loading_percent
0    0.038635     0.041097 -0.038632  -0.041094  3.112044e-06  2.426512e-06   0.002171  0.002171  0.002171    1.000000        0.000006  0.999931      0.000621         0.943939
1    0.046542     0.043588 -0.046531  -0.043580  1.093722e-05  8.527928e-06   0.002454  0.002454  0.002454    1.000000        0.000007  0.999783      0.001132         1.067108
2    0.031770     0.030152 -0.031768  -0.030150  2.654195e-06  2.069519e-06   0.001686  0.001686  0.001686    0.999931        0.000621  0.999854      0.001048         0.733044
3    0.008695     0.006751 -0.008695  -0.006751  4.192125e-08  3.268669e-08   0.000424  0.000424  0.000424    0.999783        0.001132  0.999778      0.001131         0.184251
4    0.025459     0.019298 -0.025459  -0.019298  5.583001e-07  4.353158e-07   0.001230  0.001230  0.001230    0.999783        0.001132  0.999761      0.001114         0.534740
5    0.006852     0.009943 -0.006784  -0.009889  6.820360e-05  5.317947e-05   0.017430  0.017430  0.017430    0.999931        0.000627  0.993102      0.124770         7.578129
6    0.005111     0.006064 -0.005062  -0.006026  4.881213e-05  3.805962e-05   0.011449  0.011449  0.011449    0.999783        0.001141  0.992150      0.094280         4.977780
7    0.001469     0.001909 -0.001465  -0.001906  3.922622e-06  3.058533e-06   0.003478  0.003478  0.003478    0.999783        0.001141  0.997785      0.030781         1.512142
8    0.005787     0.008559 -0.005768  -0.008544  1.835951e-05  1.431521e-05   0.014915  0.014915  0.014915    0.999783        0.001141  0.997641      0.041108         6.484803
9    0.009010     0.011137 -0.009010  -0.011137  7.098614e-08  5.534906e-08   0.000551  0.000551  0.000551    0.999836        0.001099  0.999830      0.001181         0.239762
10   0.022125     0.019090 -0.022124  -0.019089  4.177379e-07  3.257172e-07   0.001125  0.001125  0.001125    0.999854        0.001048  0.999836      0.001099         0.489089
11   0.011429     0.008822 -0.011429  -0.008822  1.019906e-07  7.952374e-08   0.000556  0.000556  0.000556    0.999761        0.001114  0.999752      0.001112         0.241666
12  -0.002989    -0.004994  0.003009   0.005010  2.048920e-05  1.597577e-05   0.008494  0.008494  0.008494    0.988983        0.216695  0.993102      0.124770         3.693098
13  -0.002776    -0.003896  0.002791   0.003909  1.561732e-05  1.217708e-05   0.006981  0.006981  0.006981    0.989177        0.192217  0.993102      0.124770         3.035074
14  -0.001697    -0.003146  0.001709   0.003155  1.190689e-05  9.283999e-06   0.005237  0.005237  0.005237    0.985172        0.313655  0.988983      0.216695         2.276795
15   0.003460     0.005004 -0.003415  -0.004969  4.524795e-05  3.528057e-05   0.008802  0.008802  0.008802    0.997641        0.041108  0.988666      0.204108         3.826922
16  -0.001171    -0.000815  0.001173   0.000817  1.807274e-06  1.409162e-06   0.002080  0.002080  0.002080    0.990561        0.089297  0.992150      0.094280         0.904167
--------------------------------------------------

TRAFO:
    p_hv_mw  q_hv_mvar   p_lv_mw  q_lv_mvar    pl_mw  ql_mvar   i_hv_ka   i_lv_ka  vm_hv_pu  va_hv_degree  vm_lv_pu  va_lv_degree  loading_percent
0  0.006862   0.010942 -0.006852  -0.009943  0.00001    0.001  0.000497  0.017430  0.999931      0.000621  0.999931      0.000627         0.129167
1  0.012377   0.017531 -0.012367  -0.016531  0.00001    0.001  0.000826  0.029805  0.999783      0.001132  0.999783      0.001141         0.214643
2  0.038645   0.045097 -0.038635  -0.041097  0.00001    0.004  0.000490  0.002171  1.000000      0.000000  1.000000      0.000006         0.148475
3  0.046552   0.047588 -0.046542  -0.043588  0.00001    0.004  0.000549  0.002454  1.000000      0.000000  1.000000      0.000007         0.166428
--------------------------------------------------
