Pandapower Network Debug Info
==================================================

BUS:
       vm_pu  va_degree      p_mw    q_mvar
0   0.992660   0.121926  0.001168  0.000939
1   0.988154   0.201310  0.001766  0.001890
2   0.984231   0.296382  0.001788  0.003178
3   0.988661   0.206573  0.002629  0.004221
4   0.989528   0.213849  0.002939  0.004790
5   0.991685   0.181893  0.003162  0.006311
6   0.989709   0.190846  0.001312  0.001199
7   0.997590   0.010372  0.001897  0.001706
8   0.997739   0.037415  0.002611  0.003165
9   0.999813   0.000888  0.010545  0.011718
10  0.999820   0.000819  0.012078  0.008538
11  0.999839   0.000746  0.014024  0.011507
12  0.999770   0.001553  0.009481  0.006287
13  0.999743   0.001634  0.011487  0.008372
14  0.999752   0.001650  0.013945  0.013865
15  0.999924   0.000493  0.000000  0.000000
16  0.999924   0.000499  0.000000  0.000000
17  0.999775   0.001575  0.000000  0.000000
18  0.999775   0.001585  0.000000  0.000000
19  1.000000   0.000000 -0.044153 -0.047097
20  1.000000   0.000006  0.000000  0.000000
21  1.000000   0.000000 -0.046990 -0.050801
22  1.000000   0.000007  0.000000  0.000000
--------------------------------------------------

LINE:
    p_from_mw  q_from_mvar   p_to_mw  q_to_mvar         pl_mw       ql_mvar  i_from_ka   i_to_ka      i_ka  vm_from_pu  va_from_degree  vm_to_pu  va_to_degree  loading_percent
0    0.044143     0.043097 -0.044140  -0.043094  3.722750e-06  2.902690e-06   0.002375  0.002375  0.002375    1.000000        0.000006  0.999924      0.000493         1.032412
1    0.046980     0.046801 -0.046968  -0.046791  1.182857e-05  9.222928e-06   0.002552  0.002552  0.002552    1.000000        0.000007  0.999775      0.001575         1.109739
2    0.036651     0.031765 -0.036647  -0.031762  3.254379e-06  2.537493e-06   0.001867  0.001867  0.001867    0.999924        0.000493  0.999839      0.000746         0.811704
3    0.009481     0.006287 -0.009481  -0.006287  4.477300e-08  3.491024e-08   0.000438  0.000438  0.000438    0.999775        0.001575  0.999770      0.001553         0.190415
4    0.025433     0.022238 -0.025433  -0.022237  6.243812e-07  4.868403e-07   0.001301  0.001301  0.001301    0.999775        0.001575  0.999752      0.001650         0.565501
5    0.007479     0.010329 -0.007403  -0.010270  7.607576e-05  5.931753e-05   0.018408  0.018408  0.018408    0.999924        0.000499  0.992660      0.121926         8.003528
6    0.004537     0.007559 -0.004477  -0.007512  6.033245e-05  4.704221e-05   0.012728  0.012728  0.012728    0.999775        0.001585  0.991685      0.181893         5.534104
7    0.001901     0.001709 -0.001897  -0.001706  4.417763e-06  3.444603e-06   0.003691  0.003691  0.003691    0.999775        0.001585  0.997590      0.010372         1.604744
8    0.005606     0.007999 -0.005589  -0.007986  1.641091e-05  1.279585e-05   0.014101  0.014101  0.014101    0.999775        0.001585  0.997739      0.037415         6.131017
9    0.010545     0.011718 -0.010545  -0.011718  8.596764e-08  6.703039e-08   0.000607  0.000607  0.000607    0.999820        0.000819  0.999813      0.000888         0.263853
10   0.022623     0.020256 -0.022623  -0.020256  4.511248e-07  3.517494e-07   0.001169  0.001169  0.001169    0.999839        0.000746  0.999820      0.000819         0.508258
11   0.011487     0.008372 -0.011487  -0.008372  9.886639e-08  7.708775e-08   0.000547  0.000547  0.000547    0.999752        0.001650  0.999743      0.001634         0.237936
12  -0.003566    -0.005078  0.003590   0.005096  2.332913e-05  1.819011e-05   0.009064  0.009064  0.009064    0.988154        0.201310  0.992660      0.121926         3.940738
13  -0.002629    -0.004221  0.002646   0.004234  1.689226e-05  1.317117e-05   0.007260  0.007260  0.007260    0.988661        0.206573  0.992660      0.121926         3.156529
14  -0.001788    -0.003178  0.001801   0.003188  1.241891e-05  9.683230e-06   0.005348  0.005348  0.005348    0.984231        0.296382  0.988154      0.201310         2.325233
15   0.002978     0.004821 -0.002939  -0.004790  3.924567e-05  3.060050e-05   0.008197  0.008197  0.008197    0.997739        0.037415  0.989528      0.213849         3.564069
16  -0.001312    -0.001199  0.001315   0.001201  2.806995e-06  2.188660e-06   0.002592  0.002592  0.002592    0.989709        0.190846  0.991685      0.181893         1.126828
--------------------------------------------------

TRAFO:
    p_hv_mw  q_hv_mvar   p_lv_mw  q_lv_mvar    pl_mw  ql_mvar   i_hv_ka   i_lv_ka  vm_hv_pu  va_hv_degree  vm_lv_pu  va_lv_degree  loading_percent
0  0.007489   0.011329 -0.007479  -0.010329  0.00001    0.001  0.000523  0.018408  0.999924      0.000493  0.999924      0.000499         0.135816
1  0.012054   0.018267 -0.012044  -0.017267  0.00001    0.001  0.000843  0.030394  0.999775      0.001575  0.999775      0.001585         0.218905
2  0.044153   0.047097 -0.044143  -0.043097  0.00001    0.004  0.000532  0.002375  1.000000      0.000000  1.000000      0.000006         0.161393
3  0.046990   0.050801 -0.046980  -0.046801  0.00001    0.004  0.000571  0.002552  1.000000      0.000000  1.000000      0.000007         0.173003
--------------------------------------------------
