Pandapower Network Debug Info
==================================================

BUS:
       vm_pu  va_degree      p_mw    q_mvar
0   0.992938   0.152418  0.000833  0.000874
1   0.988570   0.268609  0.001334  0.002091
2   0.984610   0.391802  0.001557  0.003528
3   0.988920   0.231599  0.002715  0.004150
4   0.987863   0.286059  0.003325  0.005932
5   0.991912   0.209912  0.002946  0.006733
6   0.990296   0.221371  0.001033  0.001031
7   0.997182   0.034459  0.001955  0.002387
8   0.997664   0.049787  0.001812  0.003017
9   0.999818   0.001326  0.008657  0.010901
10  0.999824   0.001244  0.012784  0.010236
11  0.999843   0.001120  0.013177  0.011341
12  0.999762   0.000897  0.011735  0.006770
13  0.999736   0.000808  0.012873  0.008523
14  0.999745   0.000850  0.014783  0.010042
15  0.999926   0.000685  0.000000  0.000000
16  0.999926   0.000691  0.000000  0.000000
17  0.999768   0.000944  0.000000  0.000000
18  0.999768   0.000956  0.000000  0.000000
19  1.000000   0.000000 -0.041214 -0.048226
20  1.000000   0.000007  0.000000  0.000000
21  1.000000   0.000000 -0.050640 -0.049559
22  1.000000   0.000007  0.000000  0.000000
--------------------------------------------------

LINE:
    p_from_mw  q_from_mvar   p_to_mw  q_to_mvar         pl_mw       ql_mvar  i_from_ka   i_to_ka      i_ka  vm_from_pu  va_from_degree  vm_to_pu  va_to_degree  loading_percent
0    0.041204     0.044226 -0.041200  -0.044224  3.573828e-06  2.786573e-06   0.002327  0.002327  0.002327    1.000000        0.000007  0.999926      0.000685         1.011552
1    0.050630     0.045559 -0.050617  -0.045549  1.247813e-05  9.729404e-06   0.002622  0.002622  0.002622    1.000000        0.000007  0.999768      0.000944         1.139803
2    0.034621     0.032481 -0.034618  -0.032478  3.117866e-06  2.431051e-06   0.001827  0.001827  0.001827    0.999926        0.000685  0.999843      0.001120         0.794497
3    0.011736     0.006770 -0.011735  -0.006770  6.350677e-08  4.951728e-08   0.000522  0.000522  0.000522    0.999768        0.000944  0.999762      0.000897         0.226779
4    0.027657     0.018566 -0.027656  -0.018566  6.070063e-07  4.732928e-07   0.001282  0.001282  0.001282    0.999768        0.000944  0.999745      0.000850         0.557578
5    0.006569     0.010743 -0.006495  -0.010685  7.417667e-05  5.783677e-05   0.018177  0.018177  0.018177    0.999926        0.000691  0.992938      0.152418         7.903000
6    0.004041     0.007812 -0.003981  -0.007766  6.004769e-05  4.682017e-05   0.012698  0.012698  0.012698    0.999768        0.000956  0.991912      0.209912         5.521028
7    0.001961     0.002392 -0.001955  -0.002387  6.467496e-06  5.042813e-06   0.004466  0.004466  0.004466    0.999768        0.000956  0.997182      0.034459         1.941657
8    0.005213     0.009009 -0.005194  -0.008994  1.863396e-05  1.452920e-05   0.015026  0.015026  0.015026    0.999768        0.000956  0.997664      0.049787         6.533092
9    0.008657     0.010901 -0.008657  -0.010901  6.703296e-08  5.226670e-08   0.000536  0.000536  0.000536    0.999824        0.001244  0.999818      0.001326         0.232990
10   0.021441     0.021138 -0.021441  -0.021137  4.434835e-07  3.457914e-07   0.001159  0.001159  0.001159    0.999843        0.001120  0.999824      0.001244         0.503936
11   0.012873     0.008524 -0.012873  -0.008523  1.166326e-07  9.094033e-08   0.000594  0.000594  0.000594    0.999745        0.000850  0.999736      0.000808         0.258432
12  -0.002905    -0.005630  0.002930   0.005649  2.429945e-05  1.894668e-05   0.009250  0.009250  0.009250    0.988570        0.268609  0.992938      0.152418         4.021856
13  -0.002715    -0.004150  0.002732   0.004163  1.678938e-05  1.309096e-05   0.007238  0.007238  0.007238    0.988920        0.231599  0.992938      0.152418         3.146902
14  -0.001557    -0.003528  0.001571   0.003539  1.387635e-05  1.081962e-05   0.005653  0.005653  0.005653    0.984610        0.391802  0.988570      0.268609         2.457889
15   0.003382     0.005977 -0.003325  -0.005932  5.766057e-05  4.495889e-05   0.009936  0.009936  0.009936    0.997664        0.049787  0.987863      0.286059         4.320058
16  -0.001033    -0.001031  0.001035   0.001033  1.892228e-06  1.475401e-06   0.002128  0.002128  0.002128    0.990296        0.221371  0.991912      0.209912         0.925174
--------------------------------------------------

TRAFO:
    p_hv_mw  q_hv_mvar   p_lv_mw  q_lv_mvar    pl_mw   ql_mvar   i_hv_ka   i_lv_ka  vm_hv_pu  va_hv_degree  vm_lv_pu  va_lv_degree  loading_percent
0  0.006579   0.011743 -0.006569  -0.010743  0.00001  0.001000  0.000518  0.018177  0.999926      0.000685  0.999926      0.000691         0.134614
1  0.011225   0.020213 -0.011215  -0.019213  0.00001  0.000999  0.000890  0.032118  0.999768      0.000944  0.999768      0.000956         0.231256
2  0.041214   0.048226 -0.041204  -0.044226  0.00001  0.004000  0.000523  0.002327  1.000000      0.000000  1.000000      0.000007         0.158595
3  0.050640   0.049559 -0.050630  -0.045559  0.00001  0.004000  0.000584  0.002622  1.000000      0.000000  1.000000      0.000007         0.177137
--------------------------------------------------
