Pandapower Network Debug Info
==================================================

BUS:
       vm_pu  va_degree      p_mw    q_mvar
0   0.993080   0.139773  0.000892  0.000875
1   0.988601   0.235830  0.001320  0.001920
2   0.984334   0.336563  0.001969  0.003427
3   0.989427   0.225094  0.002303  0.003987
4   0.990778   0.175888  0.002680  0.004077
5   0.991605   0.182020  0.003184  0.006490
6   0.989661   0.182961  0.001365  0.001083
7   0.997719   0.017507  0.001705  0.001741
8   0.997976   0.035785  0.002165  0.003171
9   0.999820   0.001430  0.009804  0.011301
10  0.999826   0.001358  0.011057  0.010679
11  0.999845   0.001198  0.012992  0.010672
12  0.999788   0.001489  0.009455  0.005907
13  0.999763   0.001574  0.011668  0.008468
14  0.999772   0.001592  0.010723  0.011361
15  0.999927   0.000702  0.000000  0.000000
16  0.999927   0.000708  0.000000  0.000000
17  0.999793   0.001518  0.000000  0.000000
18  0.999793   0.001528  0.000000  0.000000
19  1.000000   0.000000 -0.040488 -0.047964
20  1.000000   0.000007  0.000000  0.000000
21  1.000000   0.000000 -0.043087 -0.047391
22  1.000000   0.000007  0.000000  0.000000
--------------------------------------------------

LINE:
    p_from_mw  q_from_mvar   p_to_mw  q_to_mvar         pl_mw       ql_mvar  i_from_ka   i_to_ka      i_ka  vm_from_pu  va_from_degree  vm_to_pu  va_to_degree  loading_percent
0    0.040478     0.043964 -0.040475  -0.043961  3.493213e-06  2.723715e-06   0.002300  0.002300  0.002300    1.000000        0.000007  0.999927      0.000702         1.000078
1    0.043077     0.043391 -0.043067  -0.043384  1.005587e-05  7.840729e-06   0.002353  0.002353  0.002353    1.000000        0.000007  0.999793      0.001518         1.023210
2    0.033857     0.032656 -0.033854  -0.032653  3.061258e-06  2.386913e-06   0.001811  0.001811  0.001811    0.999927        0.000702  0.999845      0.001198         0.787252
3    0.009455     0.005907 -0.009455  -0.005907  4.299745e-08  3.352582e-08   0.000429  0.000429  0.000429    0.999793        0.001518  0.999788      0.001489         0.186601
4    0.022391     0.019829 -0.022391  -0.019829  4.893414e-07  3.815476e-07   0.001151  0.001151  0.001151    0.999793        0.001518  0.999772      0.001592         0.500628
5    0.006608     0.010305 -0.006538  -0.010251  7.010420e-05  5.466140e-05   0.017671  0.017671  0.017671    0.999927        0.000708  0.993080      0.139773         7.682991
6    0.004614     0.007623 -0.004552  -0.007575  6.162848e-05  4.805274e-05   0.012864  0.012864  0.012864    0.999793        0.001528  0.991605      0.182020         5.593228
7    0.001709     0.001744 -0.001705  -0.001741  4.030509e-06  3.142654e-06   0.003525  0.003525  0.003525    0.999793        0.001528  0.997719      0.017507         1.532796
8    0.004888     0.007281 -0.004874  -0.007270  1.322693e-05  1.031326e-05   0.012660  0.012660  0.012660    0.999793        0.001528  0.997976      0.035785         5.504221
9    0.009804     0.011302 -0.009804  -0.011301  7.743895e-08  6.038043e-08   0.000576  0.000576  0.000576    0.999826        0.001358  0.999820      0.001430         0.250423
10   0.020862     0.021981 -0.020861  -0.021981  4.492890e-07  3.503180e-07   0.001167  0.001167  0.001167    0.999845        0.001198  0.999826      0.001358         0.507223
11   0.011668     0.008468 -0.011668  -0.008468  1.016978e-07  7.929543e-08   0.000555  0.000555  0.000555    0.999772        0.001592  0.999763      0.001574         0.241319
12  -0.003304    -0.005358  0.003328   0.005377  2.398750e-05  1.870345e-05   0.009191  0.009191  0.009191    0.988601        0.235830  0.993080      0.139773         3.995957
13  -0.002303    -0.003987  0.002318   0.003999  1.446075e-05  1.127528e-05   0.006717  0.006717  0.006717    0.989427        0.225094  0.993080      0.139773         2.920527
14  -0.001969    -0.003427  0.001984   0.003438  1.458518e-05  1.137231e-05   0.005796  0.005796  0.005796    0.984334        0.336563  0.988601      0.235830         2.519885
15   0.002710     0.004100 -0.002680  -0.004077  2.950427e-05  2.300496e-05   0.007108  0.007108  0.007108    0.997976        0.035785  0.990778      0.175888         3.090243
16  -0.001365    -0.001083  0.001368   0.001085  2.700339e-06  2.105499e-06   0.002542  0.002542  0.002542    0.989661        0.182961  0.991605      0.182020         1.105213
--------------------------------------------------

TRAFO:
    p_hv_mw  q_hv_mvar   p_lv_mw  q_lv_mvar    pl_mw  ql_mvar   i_hv_ka   i_lv_ka  vm_hv_pu  va_hv_degree  vm_lv_pu  va_lv_degree  loading_percent
0  0.006618   0.011305 -0.006608  -0.010305  0.00001    0.001  0.000504  0.017671  0.999927      0.000702  0.999927      0.000708         0.131006
1  0.011221   0.017648 -0.011211  -0.016648  0.00001    0.001  0.000805  0.028976  0.999793      0.001518  0.999793      0.001528         0.209172
2  0.040488   0.047964 -0.040478  -0.043964  0.00001    0.004  0.000518  0.002300  1.000000      0.000000  1.000000      0.000007         0.156920
3  0.043087   0.047391 -0.043077  -0.043391  0.00001    0.004  0.000528  0.002353  1.000000      0.000000  1.000000      0.000007         0.160125
--------------------------------------------------
