Pandapower Network Debug Info
==================================================

BUS:
       vm_pu  va_degree      p_mw    q_mvar
0   0.993053   0.112588  0.001017  0.001194
1   0.988568   0.179096  0.001761  0.001609
2   0.984473   0.269110  0.001951  0.003212
3   0.989607   0.183732  0.002289  0.003612
4   0.990025   0.160645  0.003126  0.004181
5   0.992377   0.139982  0.003275  0.005371
6   0.990624   0.154378  0.001103  0.001143
7   0.997793   0.025843  0.001511  0.001818
8   0.997876   0.037583  0.001900  0.003440
9   0.999836   0.000790  0.008637  0.008677
10  0.999842   0.000752  0.011992  0.008069
11  0.999858   0.000733  0.011128  0.011261
12  0.999770   0.000974  0.011050  0.006570
13  0.999743   0.001069  0.011840  0.011006
14  0.999753   0.001020  0.014682  0.009826
15  0.999932   0.000476  0.000000  0.000000
16  0.999932   0.000482  0.000000  0.000000
17  0.999776   0.001015  0.000000  0.000000
18  0.999776   0.001024  0.000000  0.000000
19  1.000000   0.000000 -0.038917 -0.042728
20  1.000000   0.000006  0.000000  0.000000
21  1.000000   0.000000 -0.048623 -0.048445
22  1.000000   0.000007  0.000000  0.000000
--------------------------------------------------

LINE:
    p_from_mw  q_from_mvar   p_to_mw  q_to_mvar         pl_mw       ql_mvar  i_from_ka   i_to_ka      i_ka  vm_from_pu  va_from_degree  vm_to_pu  va_to_degree  loading_percent
0    0.038907     0.038728 -0.038904  -0.038726  2.947728e-06  2.298392e-06   0.002113  0.002113  0.002113    1.000000        0.000006  0.999932      0.000476         0.918681
1    0.048613     0.044445 -0.048601  -0.044436  1.167021e-05  9.099454e-06   0.002535  0.002535  0.002535    1.000000        0.000007  0.999776      0.001015         1.102286
2    0.031759     0.028009 -0.031757  -0.028007  2.480740e-06  1.934274e-06   0.001630  0.001630  0.001630    0.999932        0.000476  0.999858      0.000733         0.708687
3    0.011050     0.006570 -0.011050  -0.006570  5.718286e-08  4.458641e-08   0.000495  0.000495  0.000495    0.999776        0.001015  0.999770      0.000974         0.215192
4    0.026523     0.020832 -0.026522  -0.020832  6.222226e-07  4.851572e-07   0.001298  0.001298  0.001298    0.999776        0.001015  0.999753      0.001020         0.564523
5    0.007135     0.009717 -0.007067  -0.009664  6.798584e-05  5.300968e-05   0.017402  0.017402  0.017402    0.999932        0.000482  0.993053      0.112588         7.566021
6    0.004428     0.006554 -0.004380  -0.006516  4.856385e-05  3.786603e-05   0.011420  0.011420  0.011420    0.999776        0.001024  0.992377      0.139982         4.965104
7    0.001515     0.001821 -0.001511  -0.001818  3.791915e-06  2.956619e-06   0.003419  0.003419  0.003419    0.999776        0.001024  0.997793      0.025843         1.486736
8    0.005075     0.007659 -0.005060  -0.007648  1.452068e-05  1.132202e-05   0.013264  0.013264  0.013264    0.999776        0.001024  0.997876      0.037583         5.767130
9    0.008637     0.008677 -0.008637  -0.008677  5.184785e-08  4.042662e-08   0.000471  0.000471  0.000471    0.999842        0.000752  0.999836      0.000790         0.204908
10   0.020629     0.016746 -0.020628  -0.016746  3.453642e-07  2.692862e-07   0.001023  0.001023  0.001023    0.999858        0.000733  0.999842      0.000752         0.444708
11   0.011841     0.011006 -0.011840  -0.011006  1.278709e-07  9.970308e-08   0.000622  0.000622  0.000622    0.999753        0.001020  0.999743      0.001069         0.270597
12  -0.003725    -0.004831  0.003748   0.004849  2.253091e-05  1.756772e-05   0.008907  0.008907  0.008907    0.988568        0.179096  0.993053      0.112588         3.872734
13  -0.002289    -0.003612  0.002302   0.003622  1.246995e-05  9.723023e-06   0.006238  0.006238  0.006238    0.989607        0.183732  0.993053      0.112588         2.712053
14  -0.001951    -0.003212  0.001965   0.003222  1.318179e-05  1.027806e-05   0.005510  0.005510  0.005510    0.984473        0.269110  0.988568      0.179096         2.395586
15   0.003160     0.004208 -0.003126  -0.004181  3.383457e-05  2.638138e-05   0.007611  0.007611  0.007611    0.997876        0.037583  0.990025      0.160645         3.309257
16  -0.001103    -0.001143  0.001105   0.001145  2.238411e-06  1.745326e-06   0.002314  0.002314  0.002314    0.990624        0.154378  0.992377      0.139982         1.006252
--------------------------------------------------

TRAFO:
    p_hv_mw  q_hv_mvar   p_lv_mw  q_lv_mvar    pl_mw  ql_mvar   i_hv_ka   i_lv_ka  vm_hv_pu  va_hv_degree  vm_lv_pu  va_lv_degree  loading_percent
0  0.007145   0.010717 -0.007135  -0.009717  0.00001    0.001  0.000496  0.017402  0.999932      0.000476  0.999932      0.000482         0.128815
1  0.011028   0.017034 -0.011018  -0.016034  0.00001    0.001  0.000781  0.028087  0.999776      0.001015  0.999776      0.001024         0.202965
2  0.038917   0.042728 -0.038907  -0.038728  0.00001    0.004  0.000477  0.002113  1.000000      0.000000  1.000000      0.000006         0.144487
3  0.048623   0.048445 -0.048613  -0.044445  0.00001    0.004  0.000566  0.002535  1.000000      0.000000  1.000000      0.000007         0.171594
--------------------------------------------------
