Pandapower Network Debug Info
==================================================

BUS:
       vm_pu  va_degree      p_mw    q_mvar
0   0.993103   0.120768  0.001143  0.000840
1   0.988644   0.192598  0.001566  0.001768
2   0.984522   0.274263  0.002045  0.003128
3   0.989603   0.215158  0.002048  0.004022
4   0.989466   0.189920  0.003218  0.004633
5   0.991498   0.125016  0.003811  0.005853
6   0.989561   0.118091  0.001435  0.000983
7   0.997309   0.020687  0.002032  0.002069
8   0.997869   0.039985  0.001764  0.003111
9   0.999826   0.001015  0.010358  0.010297
10  0.999832   0.000971  0.013017  0.010474
11  0.999851   0.000899  0.009683  0.009349
12  0.999774   0.001854  0.009242  0.006610
13  0.999746   0.001997  0.012768  0.009499
14  0.999756   0.002010  0.010862  0.013502
15  0.999930   0.000555  0.000000  0.000000
16  0.999929   0.000561  0.000000  0.000000
17  0.999779   0.001866  0.000000  0.000000
18  0.999779   0.001876  0.000000  0.000000
19  1.000000   0.000000 -0.040004 -0.044975
20  1.000000   0.000006  0.000000  0.000000
21  1.000000   0.000000 -0.045286 -0.051363
22  1.000000   0.000007  0.000000  0.000000
--------------------------------------------------

LINE:
    p_from_mw  q_from_mvar   p_to_mw  q_to_mvar         pl_mw       ql_mvar  i_from_ka   i_to_ka      i_ka  vm_from_pu  va_from_degree  vm_to_pu  va_to_degree  loading_percent
0    0.039994     0.040975 -0.039990  -0.040973  3.206766e-06  2.500368e-06   0.002204  0.002204  0.002204    1.000000        0.000006  0.999930      0.000555         0.958197
1    0.045276     0.047363 -0.045264  -0.047354  1.154805e-05  9.004208e-06   0.002522  0.002522  0.002522    1.000000        0.000007  0.999779      0.001866         1.096502
2    0.033061     0.030123 -0.033058  -0.030121  2.767535e-06  2.157893e-06   0.001722  0.001722  0.001722    0.999930        0.000555  0.999851      0.000899         0.748532
3    0.009242     0.006610 -0.009242  -0.006610  4.466417e-08  3.482539e-08   0.000437  0.000437  0.000437    0.999779        0.001866  0.999774      0.001854         0.190184
4    0.023631     0.023001 -0.023631  -0.023001  5.948921e-07  4.638472e-07   0.001270  0.001270  0.001270    0.999779        0.001866  0.999756      0.002010         0.551986
5    0.006920     0.009850 -0.006852  -0.009797  6.778251e-05  5.285114e-05   0.017376  0.017376  0.017376    0.999929        0.000561  0.993103      0.120768         7.554699
6    0.005307     0.006884 -0.005248  -0.006838  5.863828e-05  4.572123e-05   0.012548  0.012548  0.012548    0.999779        0.001876  0.991498      0.125016         5.455850
7    0.002038     0.002074 -0.002032  -0.002069  5.714122e-06  4.455395e-06   0.004198  0.004198  0.004198    0.999779        0.001876  0.997309      0.020687         1.825068
8    0.005036     0.007786 -0.005022  -0.007775  1.479209e-05  1.153363e-05   0.013388  0.013388  0.013388    0.999779        0.001876  0.997869      0.039985         5.820777
9    0.010358     0.010298 -0.010358  -0.010297  7.379589e-08  5.753987e-08   0.000562  0.000562  0.000562    0.999832        0.000971  0.999826      0.001015         0.244461
10   0.023375     0.020772 -0.023374  -0.020771  4.783711e-07  3.729938e-07   0.001204  0.001204  0.001204    0.999851        0.000899  0.999832      0.000971         0.523382
11   0.012768     0.009499 -0.012768  -0.009499  1.239174e-07  9.662044e-08   0.000613  0.000613  0.000613    0.999756        0.002010  0.999746      0.001997         0.266380
12  -0.003624    -0.004906  0.003647   0.004924  2.252103e-05  1.756002e-05   0.008905  0.008905  0.008905    0.988644        0.192598  0.993103      0.120768         3.871885
13  -0.002048    -0.004022  0.002062   0.004033  1.388967e-05  1.083000e-05   0.006583  0.006583  0.006583    0.989603        0.215158  0.993103      0.120768         2.862278
14  -0.002045    -0.003128  0.002058   0.003138  1.303669e-05  1.016492e-05   0.005479  0.005479  0.005479    0.984522        0.274263  0.988644      0.192598         2.382365
15   0.003258     0.004664 -0.003218  -0.004633  3.954661e-05  3.083514e-05   0.008229  0.008229  0.008229    0.997869        0.039985  0.989466      0.189920         3.577707
16  -0.001435    -0.000983  0.001437   0.000985  2.688607e-06  2.096351e-06   0.002536  0.002536  0.002536    0.989561        0.118091  0.991498      0.125016         1.102809
--------------------------------------------------

TRAFO:
    p_hv_mw  q_hv_mvar   p_lv_mw  q_lv_mvar    pl_mw  ql_mvar   i_hv_ka   i_lv_ka  vm_hv_pu  va_hv_degree  vm_lv_pu  va_lv_degree  loading_percent
0  0.006930   0.010850 -0.006920  -0.009850  0.00001    0.001  0.000496  0.017376  0.999930      0.000555  0.999929      0.000561         0.128747
1  0.012391   0.017743 -0.012381  -0.016744  0.00001    0.001  0.000833  0.030064  0.999779      0.001866  0.999779      0.001876         0.216467
2  0.040004   0.044975 -0.039994  -0.040975  0.00001    0.004  0.000496  0.002204  1.000000      0.000000  1.000000      0.000006         0.150480
3  0.045286   0.051363 -0.045276  -0.047363  0.00001    0.004  0.000565  0.002522  1.000000      0.000000  1.000000      0.000007         0.171190
--------------------------------------------------
