Pandapower Network Debug Info
==================================================

BUS:
       vm_pu  va_degree      p_mw    q_mvar
0   0.992712   0.153054  0.000670  0.001071
1   0.988231   0.241001  0.001443  0.001776
2   0.983971   0.341967  0.001962  0.003424
3   0.988486   0.252239  0.002656  0.004615
4   0.988164   0.288502  0.003159  0.005829
5   0.991582   0.179819  0.003682  0.006545
6   0.990107   0.194993  0.000898  0.000999
7   0.997744   0.024058  0.001586  0.001814
8   0.997659   0.050512  0.002023  0.003157
9   0.999829   0.001694  0.009019  0.011442
10  0.999835   0.001606  0.009382  0.008533
11  0.999852   0.001448  0.012548  0.012065
12  0.999771   0.001624  0.009273  0.005031
13  0.999742   0.001841  0.010475  0.011568
14  0.999752   0.001745  0.015371  0.011070
15  0.999929   0.000821  0.000000  0.000000
16  0.999929   0.000828  0.000000  0.000000
17  0.999776   0.001667  0.000000  0.000000
18  0.999775   0.001678  0.000000  0.000000
19  1.000000   0.000000 -0.037841 -0.048037
20  1.000000   0.000007  0.000000  0.000000
21  1.000000   0.000000 -0.046642 -0.051131
22  1.000000   0.000007  0.000000  0.000000
--------------------------------------------------

LINE:
    p_from_mw  q_from_mvar   p_to_mw  q_to_mvar         pl_mw       ql_mvar  i_from_ka   i_to_ka      i_ka  vm_from_pu  va_from_degree  vm_to_pu  va_to_degree  loading_percent
0    0.037831     0.044037 -0.037828  -0.044035  3.296775e-06  2.570550e-06   0.002235  0.002235  0.002235    1.000000        0.000007  0.999929      0.000821         0.971552
1    0.046632     0.047131 -0.046620  -0.047122  1.182440e-05  9.219679e-06   0.002552  0.002552  0.002552    1.000000        0.000007  0.999776      0.001667         1.109544
2    0.030952     0.032043 -0.030949  -0.032040  2.745837e-06  2.140975e-06   0.001715  0.001715  0.001715    0.999929        0.000821  0.999852      0.001448         0.745592
3    0.009273     0.005031 -0.009273  -0.005031  3.850382e-08  3.002206e-08   0.000406  0.000406  0.000406    0.999776        0.001667  0.999771      0.001624         0.176582
4    0.025848     0.022639 -0.025847  -0.022638  6.458373e-07  5.035700e-07   0.001323  0.001323  0.001323    0.999776        0.001667  0.999752      0.001745         0.575136
5    0.006866     0.010992 -0.006788  -0.010931  7.857744e-05  6.126812e-05   0.018708  0.018708  0.018708    0.999929        0.000828  0.992712      0.153054         8.134058
6    0.004644     0.007594 -0.004582  -0.007546  6.149283e-05  4.794697e-05   0.012850  0.012850  0.012850    0.999775        0.001678  0.991582      0.179819         5.587069
7    0.001590     0.001817 -0.001586  -0.001814  3.940110e-06  3.072169e-06   0.003486  0.003486  0.003486    0.999775        0.001678  0.997744      0.024058         1.515509
8    0.005256     0.009043 -0.005237  -0.009028  1.881839e-05  1.467301e-05   0.015100  0.015100  0.015100    0.999775        0.001678  0.997659      0.050512         6.565343
9    0.009019     0.011442 -0.009019  -0.011442  7.342670e-08  5.725201e-08   0.000561  0.000561  0.000561    0.999835        0.001606  0.999829      0.001694         0.243849
10   0.018401     0.019975 -0.018401  -0.019975  3.608464e-07  2.813579e-07   0.001046  0.001046  0.001046    0.999852        0.001448  0.999835      0.001606         0.454567
11   0.010476     0.011569 -0.010475  -0.011568  1.191806e-07  9.292709e-08   0.000601  0.000601  0.000601    0.999752        0.001745  0.999742      0.001841         0.261240
12  -0.003420    -0.005212  0.003443   0.005230  2.353733e-05  1.835245e-05   0.009104  0.009104  0.009104    0.988231        0.241001  0.992712      0.153054         3.958284
13  -0.002656    -0.004615  0.002675   0.004630  1.937185e-05  1.510455e-05   0.007775  0.007775  0.007775    0.988486        0.252239  0.992712      0.153054         3.380270
14  -0.001962    -0.003424  0.001976   0.003435  1.454962e-05  1.134458e-05   0.005789  0.005789  0.005789    0.983971        0.341967  0.988231      0.241001         2.516811
15   0.003214     0.005872 -0.003159  -0.005829  5.477469e-05  4.270873e-05   0.009684  0.009684  0.009684    0.997659        0.050512  0.988164      0.288502         4.210563
16  -0.000898    -0.000999  0.000900   0.001000  1.603562e-06  1.250324e-06   0.001959  0.001959  0.001959    0.990107        0.194993  0.991582      0.179819         0.851686
--------------------------------------------------

TRAFO:
    p_hv_mw  q_hv_mvar   p_lv_mw  q_lv_mvar    pl_mw  ql_mvar   i_hv_ka   i_lv_ka  vm_hv_pu  va_hv_degree  vm_lv_pu  va_lv_degree  loading_percent
0  0.006876   0.011992 -0.006866  -0.010992  0.00001    0.001  0.000532  0.018708  0.999929      0.000821  0.999929      0.000828         0.138247
1  0.011500   0.019453 -0.011490  -0.018453  0.00001    0.001  0.000870  0.031383  0.999776      0.001667  0.999775      0.001678         0.226028
2  0.037841   0.048037 -0.037831  -0.044037  0.00001    0.004  0.000504  0.002235  1.000000      0.000000  1.000000      0.000007         0.152879
3  0.046642   0.051131 -0.046632  -0.047131  0.00001    0.004  0.000571  0.002552  1.000000      0.000000  1.000000      0.000007         0.173022
--------------------------------------------------
