Pandapower Network Debug Info
==================================================

BUS:
       vm_pu  va_degree      p_mw    q_mvar
0   0.992674   0.129959  0.000966  0.000960
1   0.987876   0.236575  0.001348  0.002369
2   0.983471   0.330842  0.002121  0.003421
3   0.988897   0.188616  0.002748  0.003648
4   0.990002   0.265911  0.002438  0.005019
5   0.991668   0.178892  0.003433  0.006376
6   0.989955   0.192634  0.001081  0.001113
7   0.997652   0.016333  0.001757  0.001768
8   0.997816   0.045819  0.002390  0.003294
9   0.999814   0.000719  0.011323  0.011674
10  0.999821   0.000663  0.011885  0.007433
11  0.999840   0.000635  0.013591  0.011832
12  0.999770   0.000805  0.011875  0.004810
13  0.999743   0.000884  0.012496  0.009088
14  0.999753   0.000902  0.013448  0.011431
15  0.999924   0.000457  0.000000  0.000000
16  0.999924   0.000463  0.000000  0.000000
17  0.999776   0.000893  0.000000  0.000000
18  0.999776   0.000903  0.000000  0.000000
19  1.000000   0.000000 -0.044145 -0.046447
20  1.000000   0.000006  0.000000  0.000000
21  1.000000   0.000000 -0.049072 -0.048004
22  1.000000   0.000007  0.000000  0.000000
--------------------------------------------------

LINE:
    p_from_mw  q_from_mvar   p_to_mw  q_to_mvar         pl_mw       ql_mvar  i_from_ka   i_to_ka      i_ka  vm_from_pu  va_from_degree  vm_to_pu  va_to_degree  loading_percent
0    0.044135     0.042447 -0.044131  -0.042444  3.667644e-06  2.859722e-06   0.002357  0.002357  0.002357    1.000000        0.000006  0.999924      0.000457         1.024743
1    0.049062     0.044004 -0.049050  -0.043994  1.168318e-05  9.109566e-06   0.002537  0.002537  0.002537    1.000000        0.000007  0.999776      0.000893         1.102898
2    0.036803     0.030942 -0.036800  -0.030940  3.198513e-06  2.493933e-06   0.001851  0.001851  0.001851    0.999924        0.000457  0.999840      0.000635         0.804707
3    0.011875     0.004810 -0.011875  -0.004810  5.679340e-08  4.428275e-08   0.000493  0.000493  0.000493    0.999776        0.000893  0.999770      0.000805         0.214458
4    0.025945     0.020520 -0.025944  -0.020519  5.985549e-07  4.667031e-07   0.001273  0.001273  0.001273    0.999776        0.000893  0.999753      0.000902         0.553682
5    0.007318     0.010502 -0.007241  -0.010442  7.664641e-05  5.976247e-05   0.018477  0.018477  0.018477    0.999924        0.000463  0.992674      0.129959         8.033489
6    0.004576     0.007538 -0.004516  -0.007491  6.035959e-05  4.706337e-05   0.012731  0.012731  0.012731    0.999776        0.000903  0.991668      0.178892         5.535348
7    0.001762     0.001771 -0.001757  -0.001768  4.217588e-06  3.288523e-06   0.003606  0.003606  0.003606    0.999776        0.000903  0.997652      0.016333         1.567965
8    0.004883     0.008356 -0.004867  -0.008343  1.611155e-05  1.256244e-05   0.013972  0.013972  0.013972    0.999776        0.000903  0.997816      0.045819         6.074841
9    0.011323     0.011674 -0.011323  -0.011674  9.150060e-08  7.134452e-08   0.000626  0.000626  0.000626    0.999821        0.000663  0.999814      0.000719         0.272211
10   0.023209     0.019107 -0.023209  -0.019107  4.421410e-07  3.447446e-07   0.001157  0.001157  0.001157    0.999840        0.000635  0.999821      0.000663         0.503172
11   0.012496     0.009088 -0.012496  -0.009088  1.168148e-07  9.108241e-08   0.000595  0.000595  0.000595    0.999753        0.000902  0.999743      0.000884         0.258634
12  -0.003484    -0.005801  0.003512   0.005823  2.776220e-05  2.164665e-05   0.009887  0.009887  0.009887    0.987876        0.236575  0.992674      0.129959         4.298880
13  -0.002748    -0.003648  0.002763   0.003659  1.424388e-05  1.110619e-05   0.006667  0.006667  0.006667    0.988897        0.188616  0.992674      0.129959         2.898545
14  -0.002121    -0.003421  0.002136   0.003432  1.515023e-05  1.181288e-05   0.005907  0.005907  0.005907    0.983471        0.330842  0.987876      0.236575         2.568232
15   0.002477     0.005050 -0.002438  -0.005019  3.865649e-05  3.014110e-05   0.008136  0.008136  0.008136    0.997816        0.045819  0.990002      0.265911         3.537214
16  -0.001081    -0.001113  0.001083   0.001115  2.137711e-06  1.666809e-06   0.002262  0.002262  0.002262    0.989955        0.192634  0.991668      0.178892         0.983357
--------------------------------------------------

TRAFO:
    p_hv_mw  q_hv_mvar   p_lv_mw  q_lv_mvar    pl_mw  ql_mvar   i_hv_ka   i_lv_ka  vm_hv_pu  va_hv_degree  vm_lv_pu  va_lv_degree  loading_percent
0  0.007328   0.011502 -0.007318  -0.010502  0.00001    0.001  0.000525  0.018477  0.999924      0.000457  0.999924      0.000463         0.136390
1  0.011231   0.018665 -0.011221  -0.017665  0.00001    0.001  0.000839  0.030213  0.999776      0.000893  0.999776      0.000903         0.217879
2  0.044145   0.046447 -0.044135  -0.042447  0.00001    0.004  0.000529  0.002357  1.000000      0.000000  1.000000      0.000006         0.160197
3  0.049072   0.048004 -0.049062  -0.044004  0.00001    0.004  0.000566  0.002537  1.000000      0.000000  1.000000      0.000007         0.171618
--------------------------------------------------
