Pandapower Network Debug Info
==================================================

BUS:
       vm_pu  va_degree      p_mw    q_mvar
0   0.997593   0.331588 -0.001113  0.001166
1   0.996284   0.538132 -0.001271  0.001986
2   0.994548   0.699200 -0.000309  0.002839
3   0.995609   0.493316 -0.000200  0.004043
4   0.994179   0.354843  0.000457  0.004313
5   0.995276   0.390852  0.000242  0.007078
6   0.995225   0.480046 -0.000824  0.001129
7   0.999229   0.115085 -0.000835  0.002216
8   0.998866   0.077109 -0.000578  0.003004
9   0.999857   0.002725  0.008606  0.011687
10  0.999863   0.002627  0.008487  0.008848
11  0.999879   0.002425  0.007130  0.010724
12  0.999830   0.003956  0.008721  0.004950
13  0.999808   0.004314  0.007078  0.008281
14  0.999815   0.004237  0.011336  0.013856
15  0.999947   0.001444  0.000000  0.000000
16  0.999947   0.001450  0.000000  0.000000
17  0.999835   0.003993  0.000000  0.000000
18  0.999835   0.004004  0.000000  0.000000
19  1.000000   0.000000 -0.021440 -0.046362
20  1.000000   0.000006  0.000000  0.000000
21  1.000000   0.000000 -0.025715 -0.049903
22  1.000000   0.000007  0.000000  0.000000
--------------------------------------------------

LINE:
    p_from_mw  q_from_mvar   p_to_mw  q_to_mvar         pl_mw       ql_mvar  i_from_ka   i_to_ka      i_ka  vm_from_pu  va_from_degree  vm_to_pu  va_to_degree  loading_percent
0    0.021430     0.042362 -0.021428  -0.042361  2.204550e-06  1.718924e-06   0.001827  0.001827  0.001827    1.000000        0.000006  0.999947      0.001444         0.794477
1    0.025705     0.045903 -0.025697  -0.045897  7.445003e-06  5.804992e-06   0.002025  0.002025  0.002025    1.000000        0.000007  0.999835      0.003993         0.880415
2    0.024226     0.031261 -0.024224  -0.031259  2.163900e-06  1.687229e-06   0.001522  0.001522  0.001522    0.999947        0.001444  0.999879      0.002425         0.661885
3    0.008721     0.004950 -0.008721  -0.004950  3.478808e-08  2.712484e-08   0.000386  0.000386  0.000386    0.999835        0.003993  0.999830      0.003956         0.167845
4    0.018414     0.022137 -0.018413  -0.022137  4.535082e-07  3.536078e-07   0.001108  0.001108  0.001108    0.999835        0.003993  0.999815      0.004237         0.481949
5   -0.002808     0.010100  0.002859  -0.010060  5.140225e-05  4.007918e-05   0.015131  0.015131  0.015131    0.999947        0.001450  0.997593      0.331588         6.578841
6   -0.000527     0.008249  0.000580  -0.008208  5.302379e-05  4.134352e-05   0.011933  0.011933  0.011933    0.999835        0.004004  0.995276      0.390852         5.188086
7   -0.000832     0.002219  0.000835  -0.002216  3.793678e-06  2.957993e-06   0.003420  0.003420  0.003420    0.999835        0.004004  0.999229      0.115085         1.487081
8   -0.000088     0.007342  0.000098  -0.007335  9.273567e-06  7.230753e-06   0.010600  0.010600  0.010600    0.999835        0.004004  0.998866      0.077109         4.608819
9    0.008606     0.011687 -0.008606  -0.011687  7.287123e-08  5.681890e-08   0.000559  0.000559  0.000559    0.999863        0.002627  0.999857      0.002725         0.242925
10   0.017094     0.020536 -0.017093  -0.020535  3.492302e-07  2.723005e-07   0.001029  0.001029  0.001029    0.999879        0.002425  0.999863      0.002627         0.447190
11   0.007078     0.008281 -0.007078  -0.008281  5.805742e-08  4.526833e-08   0.000419  0.000419  0.000419    0.999815        0.004237  0.999808      0.004314         0.182333
12   0.001572    -0.004830 -0.001557   0.004842  1.537817e-05  1.199061e-05   0.007359  0.007359  0.007359    0.996284        0.538132  0.997593      0.331588         3.199489
13   0.000200    -0.004043 -0.000189   0.004051  1.103632e-05  8.605202e-06   0.005868  0.005868  0.005868    0.995609        0.493316  0.997593      0.331588         2.551397
14   0.000309    -0.002839 -0.000301   0.002844  7.455787e-06  5.813400e-06   0.004144  0.004144  0.004144    0.994548        0.699200  0.996284      0.538132         1.801654
15   0.000481     0.004331 -0.000457  -0.004313  2.315485e-05  1.805422e-05   0.006296  0.006296  0.006296    0.998866        0.077109  0.994179      0.354843         2.737608
16   0.000824    -0.001129 -0.000822   0.001130  1.716502e-06  1.338385e-06   0.002027  0.002027  0.002027    0.995225        0.480046  0.995276      0.390852         0.881168
--------------------------------------------------

TRAFO:
    p_hv_mw  q_hv_mvar   p_lv_mw  q_lv_mvar    pl_mw  ql_mvar   i_hv_ka   i_lv_ka  vm_hv_pu  va_hv_degree  vm_lv_pu  va_lv_degree  loading_percent
0 -0.002798   0.011100  0.002808  -0.010100  0.00001    0.001  0.000441  0.015131  0.999947      0.001444  0.999947      0.001450         0.114473
1 -0.001437   0.018809  0.001447  -0.017810  0.00001    0.001  0.000726  0.025795  0.999835      0.003993  0.999835      0.004004         0.188674
2  0.021440   0.046362 -0.021430  -0.042362  0.00001    0.004  0.000421  0.001827  1.000000      0.000000  1.000000      0.000006         0.127700
3  0.025715   0.049903 -0.025705  -0.045903  0.00001    0.004  0.000463  0.002025  1.000000      0.000000  1.000000      0.000007         0.140346
--------------------------------------------------
