Pandapower Network Debug Info
==================================================

BUS:
       vm_pu  va_degree      p_mw    q_mvar
0   0.992613   0.130742  0.001159  0.000835
1   0.987857   0.222053  0.001442  0.002120
2   0.983422   0.309827  0.002200  0.003360
3   0.988762   0.218807  0.002450  0.004170
4   0.988022   0.285335  0.003220  0.005828
5   0.991263   0.212428  0.003176  0.007069
6   0.989339   0.218065  0.001306  0.001129
7   0.997372   0.030452  0.001854  0.002191
8   0.997591   0.050703  0.002225  0.003399
9   0.999824   0.000233  0.011405  0.008046
10  0.999830   0.000250  0.011063  0.010373
11  0.999848   0.000225  0.013570  0.008887
12  0.999781   0.001459  0.008106  0.004866
13  0.999753   0.001463  0.012826  0.009517
14  0.999763   0.001477  0.012164  0.009611
15  0.999928   0.000288  0.000000  0.000000
16  0.999928   0.000294  0.000000  0.000000
17  0.999785   0.001488  0.000000  0.000000
18  0.999785   0.001500  0.000000  0.000000
19  1.000000   0.000000 -0.043451 -0.042902
20  1.000000   0.000006  0.000000  0.000000
21  1.000000   0.000000 -0.045061 -0.048737
22  1.000000   0.000007  0.000000  0.000000
--------------------------------------------------

LINE:
    p_from_mw  q_from_mvar   p_to_mw  q_to_mvar         pl_mw       ql_mvar  i_from_ka   i_to_ka      i_ka  vm_from_pu  va_from_degree  vm_to_pu  va_to_degree  loading_percent
0    0.043441     0.038902 -0.043438  -0.038899  3.326124e-06  2.593434e-06   0.002244  0.002244  0.002244    1.000000        0.000006  0.999928      0.000288         0.975867
1    0.045051     0.044737 -0.045041  -0.044729  1.084294e-05  8.454419e-06   0.002444  0.002444  0.002444    1.000000        0.000007  0.999785      0.001488         1.062499
2    0.036042     0.027309 -0.036039  -0.027307  2.828909e-06  2.205747e-06   0.001741  0.001741  0.001741    0.999928        0.000288  0.999848      0.000225         0.756786
3    0.008106     0.004866 -0.008106  -0.004866  3.092709e-08  2.411436e-08   0.000364  0.000364  0.000364    0.999785        0.001488  0.999781      0.001459         0.158257
4    0.024991     0.019128 -0.024990  -0.019128  5.417950e-07  4.224465e-07   0.001212  0.001212  0.001212    0.999785        0.001488  0.999763      0.001477         0.526776
5    0.007386     0.010591 -0.007308  -0.010530  7.798841e-05  6.080885e-05   0.018638  0.018638  0.018638    0.999928        0.000294  0.992613      0.130742         8.103513
6    0.004554     0.008254 -0.004485  -0.008200  6.897482e-05  5.378080e-05   0.013610  0.013610  0.013610    0.999785        0.001500  0.991263      0.212428         5.917211
7    0.001859     0.002195 -0.001854  -0.002191  5.594325e-06  4.361987e-06   0.004153  0.004153  0.004153    0.999785        0.001500  0.997372      0.030452         1.805836
8    0.005520     0.009285 -0.005500  -0.009270  2.007129e-05  1.564991e-05   0.015595  0.015595  0.015595    0.999785        0.001500  0.997591      0.050703         6.780377
9    0.011405     0.008046 -0.011405  -0.008046  6.739158e-08  5.254633e-08   0.000537  0.000537  0.000537    0.999830        0.000250  0.999824      0.000233         0.233613
10   0.022468     0.018419 -0.022468  -0.018419  4.129443e-07  3.219795e-07   0.001118  0.001118  0.001118    0.999848        0.000225  0.999830      0.000250         0.486275
11   0.012826     0.009517 -0.012826  -0.009517  1.248085e-07  9.731520e-08   0.000615  0.000615  0.000615    0.999763        0.001477  0.999753      0.001463         0.267336
12  -0.003656    -0.005492  0.003683   0.005513  2.639436e-05  2.058012e-05   0.009641  0.009641  0.009641    0.987857        0.222053  0.992613      0.130742         4.191639
13  -0.002450    -0.004170  0.002466   0.004182  1.597316e-05  1.245453e-05   0.007060  0.007060  0.007060    0.988762        0.218807  0.992613      0.130742         3.069455
14  -0.002200    -0.003360  0.002215   0.003372  1.508781e-05  1.176422e-05   0.005895  0.005895  0.005895    0.983422        0.309827  0.987857      0.222053         2.562937
15   0.003275     0.005871 -0.003220  -0.005828  5.524960e-05  4.307902e-05   0.009726  0.009726  0.009726    0.997591        0.050703  0.988022      0.285335         4.228776
16  -0.001306    -0.001129  0.001309   0.001132  2.652744e-06  2.068388e-06   0.002519  0.002519  0.002519    0.989339        0.218065  0.991263      0.212428         1.095429
--------------------------------------------------

TRAFO:
    p_hv_mw  q_hv_mvar   p_lv_mw  q_lv_mvar    pl_mw  ql_mvar   i_hv_ka   i_lv_ka  vm_hv_pu  va_hv_degree  vm_lv_pu  va_lv_degree  loading_percent
0  0.007396   0.011590 -0.007386  -0.010591  0.00001    0.001  0.000529  0.018638  0.999928      0.000288  0.999928      0.000294         0.137502
1  0.011943   0.020734 -0.011933  -0.019735  0.00001    0.001  0.000921  0.033294  0.999785      0.001488  0.999785      0.001500         0.239332
2  0.043451   0.042902 -0.043441  -0.038902  0.00001    0.004  0.000504  0.002244  1.000000      0.000000  1.000000      0.000006         0.152655
3  0.045061   0.048737 -0.045051  -0.044737  0.00001    0.004  0.000547  0.002444  1.000000      0.000000  1.000000      0.000007         0.165941
--------------------------------------------------
