Pandapower Network Debug Info
==================================================

BUS:
       vm_pu  va_degree      p_mw    q_mvar
0   0.995480   0.217927  0.000023  0.001078
1   0.992931   0.356252 -0.000244  0.001740
2   0.990052   0.467136  0.000938  0.002835
3   0.992592   0.332691  0.001231  0.003924
4   0.992294   0.277969  0.001609  0.004342
5   0.993593   0.285543  0.001866  0.006876
6   0.992957   0.330544  0.000019  0.000905
7   0.998240   0.061348  0.000720  0.002062
8   0.998427   0.060697  0.000549  0.003172
9   0.999835   0.001883  0.009868  0.011538
10  0.999841   0.001806  0.010485  0.009381
11  0.999859   0.001665  0.009941  0.011209
12  0.999810   0.003110  0.010449  0.006800
13  0.999789   0.003449  0.008145  0.009639
14  0.999797   0.003357  0.009351  0.011022
15  0.999936   0.000990  0.000000  0.000000
16  0.999936   0.000996  0.000000  0.000000
17  0.999815   0.003137  0.000000  0.000000
18  0.999815   0.003147  0.000000  0.000000
19  1.000000   0.000000 -0.032346 -0.046771
20  1.000000   0.000006  0.000000  0.000000
21  1.000000   0.000000 -0.032829 -0.049896
22  1.000000   0.000007  0.000000  0.000000
--------------------------------------------------

LINE:
    p_from_mw  q_from_mvar   p_to_mw  q_to_mvar         pl_mw       ql_mvar  i_from_ka   i_to_ka      i_ka  vm_from_pu  va_from_degree  vm_to_pu  va_to_degree  loading_percent
0    0.032336     0.042771 -0.032333  -0.042768  2.812085e-06  2.192629e-06   0.002064  0.002064  0.002064    1.000000        0.000006  0.999936      0.000990         0.897295
1    0.032819     0.045896 -0.032810  -0.045890  8.563333e-06  6.676972e-06   0.002172  0.002172  0.002172    1.000000        0.000007  0.999815      0.003137         0.944227
2    0.030297     0.032131 -0.030295  -0.032129  2.698209e-06  2.103838e-06   0.001700  0.001700  0.001700    0.999936        0.000990  0.999859      0.001665         0.739097
3    0.010449     0.006800 -0.010449  -0.006800  5.376611e-08  4.192232e-08   0.000480  0.000480  0.000480    0.999815        0.003137  0.999810      0.003110         0.208664
4    0.017496     0.020661 -0.017496  -0.020661  4.009518e-07  3.126287e-07   0.001042  0.001042  0.001042    0.999815        0.003137  0.999797      0.003357         0.453163
5    0.002026     0.009638 -0.001981  -0.009602  4.536913e-05  3.537506e-05   0.014216  0.014216  0.014216    0.999936        0.000996  0.995480      0.217927         6.180712
6    0.001937     0.007821 -0.001886  -0.007782  5.038427e-05  3.928544e-05   0.011632  0.011632  0.011632    0.999815        0.003147  0.993593      0.285543         5.057306
7    0.000723     0.002064 -0.000720  -0.002062  3.233566e-06  2.521264e-06   0.003158  0.003158  0.003158    0.999815        0.003147  0.998240      0.061348         1.372920
8    0.002196     0.007544 -0.002185  -0.007535  1.061678e-05  8.278081e-06   0.011342  0.011342  0.011342    0.999815        0.003147  0.998427      0.060697         4.931315
9    0.009868     0.011538 -0.009868  -0.011538  7.974155e-08  6.217580e-08   0.000584  0.000584  0.000584    0.999841        0.001806  0.999835      0.001883         0.254118
10   0.020354     0.020920 -0.020353  -0.020919  4.167581e-07  3.249531e-07   0.001124  0.001124  0.001124    0.999859        0.001665  0.999841      0.001806         0.488515
11   0.008145     0.009639 -0.008145  -0.009639  7.791555e-08  6.075204e-08   0.000486  0.000486  0.000486    0.999797        0.003357  0.999789      0.003449         0.211226
12  -0.000702    -0.004581  0.000715   0.004591  1.288732e-05  1.004846e-05   0.006737  0.006737  0.006737    0.992931        0.356252  0.995480      0.217927         2.928935
13  -0.001231    -0.003924  0.001243   0.003933  1.146356e-05  8.938324e-06   0.005981  0.005981  0.005981    0.992592        0.332691  0.995480      0.217927         2.600313
14  -0.000938    -0.002835  0.000946   0.002841  8.227367e-06  6.415014e-06   0.004353  0.004353  0.004353    0.990052        0.467136  0.992931      0.356252         1.892584
15   0.001636     0.004363 -0.001609  -0.004342  2.650258e-05  2.066450e-05   0.006736  0.006736  0.006736    0.998427        0.060697  0.992294      0.277969         2.928830
16  -0.000019    -0.000905  0.000020   0.000905  7.233318e-07  5.639937e-07   0.001316  0.001316  0.001316    0.992957        0.330544  0.993593      0.285543         0.572012
--------------------------------------------------

TRAFO:
    p_hv_mw  q_hv_mvar   p_lv_mw  q_lv_mvar    pl_mw  ql_mvar   i_hv_ka   i_lv_ka  vm_hv_pu  va_hv_degree  vm_lv_pu  va_lv_degree  loading_percent
0  0.002036   0.010637 -0.002026  -0.009638  0.00001    0.001  0.000417  0.014216  0.999936      0.000990  0.999936      0.000996         0.108312
1  0.004865   0.018429 -0.004855  -0.017429  0.00001    0.001  0.000734  0.026119  0.999815      0.003137  0.999815      0.003147         0.190634
2  0.032346   0.046771 -0.032336  -0.042771  0.00001    0.004  0.000469  0.002064  1.000000      0.000000  1.000000      0.000006         0.142165
3  0.032829   0.049896 -0.032819  -0.045896  0.00001    0.004  0.000493  0.002172  1.000000      0.000000  1.000000      0.000007         0.149319
--------------------------------------------------
