Pandapower Network Debug Info
==================================================

BUS:
       vm_pu  va_degree      p_mw    q_mvar
0   0.992766   0.152579  0.000822  0.000989
1   0.988606   0.246968  0.001225  0.001821
2   0.984671   0.346378  0.001758  0.003238
3   0.988310   0.251737  0.002867  0.004778
4   0.990430   0.235015  0.002478  0.004714
5   0.991170   0.176487  0.003673  0.006587
6   0.989261   0.185997  0.001258  0.001168
7   0.997377   0.042960  0.001675  0.002385
8   0.997996   0.038792  0.002044  0.002632
9   0.999830   0.001470  0.010831  0.011028
10  0.999837   0.001419  0.010069  0.010288
11  0.999855   0.001278  0.009896  0.009352
12  0.999766   0.001024  0.011543  0.007068
13  0.999739   0.000989  0.013193  0.008813
14  0.999749   0.001030  0.013427  0.010920
15  0.999931   0.000750  0.000000  0.000000
16  0.999931   0.000757  0.000000  0.000000
17  0.999772   0.001062  0.000000  0.000000
18  0.999772   0.001073  0.000000  0.000000
19  1.000000   0.000000 -0.037626 -0.046602
20  1.000000   0.000006  0.000000  0.000000
21  1.000000   0.000000 -0.049446 -0.049394
22  1.000000   0.000007  0.000000  0.000000
--------------------------------------------------

LINE:
    p_from_mw  q_from_mvar   p_to_mw  q_to_mvar         pl_mw       ql_mvar  i_from_ka   i_to_ka      i_ka  vm_from_pu  va_from_degree  vm_to_pu  va_to_degree  loading_percent
0    0.037616     0.042602 -0.037613  -0.042599  3.159224e-06  2.463299e-06   0.002187  0.002187  0.002187    1.000000        0.000006  0.999931      0.000750         0.951068
1    0.049436     0.045394 -0.049424  -0.045385  1.211669e-05  9.447584e-06   0.002583  0.002583  0.002583    1.000000        0.000007  0.999772      0.001062         1.123174
2    0.030799     0.030670 -0.030796  -0.030668  2.613733e-06  2.037971e-06   0.001673  0.001673  0.001673    0.999931        0.000750  0.999855      0.001278         0.727435
3    0.011543     0.007068 -0.011543  -0.007068  6.338275e-08  4.942057e-08   0.000521  0.000521  0.000521    0.999772        0.001062  0.999766      0.001024         0.226558
4    0.026620     0.019734 -0.026619  -0.019733  6.006831e-07  4.683625e-07   0.001276  0.001276  0.001276    0.999772        0.001062  0.999749      0.001030         0.554666
5    0.006804     0.010929 -0.006726  -0.010869  7.752784e-05  6.044973e-05   0.018583  0.018583  0.018583    0.999931        0.000757  0.992766      0.152579         8.079549
6    0.005001     0.007810 -0.004934  -0.007758  6.675042e-05  5.204640e-05   0.013388  0.013388  0.013388    0.999772        0.001073  0.991170      0.176487         5.821016
7    0.001680     0.002389 -0.001675  -0.002385  5.766877e-06  4.496529e-06   0.004217  0.004217  0.004217    0.999772        0.001073  0.997377      0.042960         1.833474
8    0.004570     0.007384 -0.004557  -0.007374  1.297137e-05  1.011399e-05   0.012537  0.012537  0.012537    0.999772        0.001073  0.997996      0.038792         5.450786
9    0.010831     0.011028 -0.010831  -0.011028  8.265052e-08  6.444397e-08   0.000595  0.000595  0.000595    0.999837        0.001419  0.999830      0.001470         0.258712
10   0.020900     0.021317 -0.020899  -0.021316  4.359815e-07  3.399420e-07   0.001149  0.001149  0.001149    0.999855        0.001278  0.999837      0.001419         0.499655
11   0.013193     0.008813 -0.013193  -0.008813  1.231708e-07  9.603827e-08   0.000611  0.000611  0.000611    0.999749        0.001030  0.999739      0.000989         0.265577
12  -0.002996    -0.005069  0.003017   0.005085  2.098415e-05  1.636169e-05   0.008596  0.008596  0.008596    0.988606        0.246968  0.992766      0.152579         3.737438
13  -0.002867    -0.004778  0.002888   0.004795  2.122448e-05  1.654907e-05   0.008138  0.008138  0.008138    0.988310        0.251737  0.992766      0.152579         3.538216
14  -0.001758    -0.003238  0.001770   0.003247  1.266221e-05  9.872936e-06   0.005400  0.005400  0.005400    0.984671        0.346378  0.988606      0.246968         2.347900
15   0.002513     0.004742 -0.002478  -0.004714  3.518203e-05  2.743201e-05   0.007761  0.007761  0.007761    0.997996        0.038792  0.990430      0.235015         3.374509
16  -0.001258    -0.001168  0.001261   0.001170  2.623052e-06  2.045237e-06   0.002505  0.002505  0.002505    0.989261        0.185997  0.991170      0.176487         1.089282
--------------------------------------------------

TRAFO:
    p_hv_mw  q_hv_mvar   p_lv_mw  q_lv_mvar    pl_mw   ql_mvar   i_hv_ka   i_lv_ka  vm_hv_pu  va_hv_degree  vm_lv_pu  va_lv_degree  loading_percent
0  0.006814   0.011929 -0.006804  -0.010929  0.00001  0.001000  0.000529  0.018583  0.999931      0.000750  0.999931      0.000757         0.137386
1  0.011261   0.018582 -0.011251  -0.017583  0.00001  0.000999  0.000837  0.030137  0.999772      0.001062  0.999772      0.001073         0.217332
2  0.037626   0.046602 -0.037616  -0.042602  0.00001  0.004000  0.000494  0.002187  1.000000      0.000000  1.000000      0.000006         0.149738
3  0.049446   0.049394 -0.049436  -0.045394  0.00001  0.004000  0.000576  0.002583  1.000000      0.000000  1.000000      0.000007         0.174727
--------------------------------------------------
