Pandapower Network Debug Info
==================================================

BUS:
       vm_pu  va_degree      p_mw    q_mvar
0   0.992500   0.138147  0.001012  0.001010
1   0.987749   0.224106  0.001559  0.002010
2   0.983351   0.314359  0.002152  0.003370
3   0.988473   0.231222  0.002549  0.004375
4   0.989673   0.178713  0.003112  0.004562
5   0.991953   0.113648  0.003878  0.005237
6   0.990153   0.128975  0.001127  0.001180
7   0.997675   0.040387  0.001446  0.002144
8   0.997877   0.027958  0.002414  0.002486
9   0.999832   0.001115  0.008998  0.011325
10  0.999838   0.001029  0.009182  0.007226
11  0.999854   0.000907  0.013944  0.010632
12  0.999781   0.000860  0.011198  0.006362
13  0.999757   0.000956  0.010938  0.009223
14  0.999766   0.000937  0.012235  0.009795
15  0.999930   0.000579  0.000000  0.000000
16  0.999930   0.000586  0.000000  0.000000
17  0.999787   0.000907  0.000000  0.000000
18  0.999786   0.000916  0.000000  0.000000
19  1.000000   0.000000 -0.039562 -0.045061
20  1.000000   0.000006  0.000000  0.000000
21  1.000000   0.000000 -0.046491 -0.046085
22  1.000000   0.000006  0.000000  0.000000
--------------------------------------------------

LINE:
    p_from_mw  q_from_mvar   p_to_mw  q_to_mvar         pl_mw       ql_mvar  i_from_ka   i_to_ka      i_ka  vm_from_pu  va_from_degree  vm_to_pu  va_to_degree  loading_percent
0    0.039552     0.041061 -0.039549  -0.041058  3.179300e-06  2.478952e-06   0.002194  0.002194  0.002194    1.000000        0.000006  0.999930      0.000579         0.954085
1    0.046481     0.042085 -0.046471  -0.042077  1.057563e-05  8.245989e-06   0.002413  0.002413  0.002413    1.000000        0.000006  0.999787      0.000907         1.049320
2    0.032127     0.029185 -0.032125  -0.029183  2.606363e-06  2.032224e-06   0.001671  0.001671  0.001671    0.999930        0.000579  0.999854      0.000907         0.726409
3    0.011199     0.006362 -0.011198  -0.006362  5.739097e-08  4.474868e-08   0.000496  0.000496  0.000496    0.999787        0.000907  0.999781      0.000860         0.215584
4    0.023174     0.019019 -0.023173  -0.019018  4.916287e-07  3.833310e-07   0.001154  0.001154  0.001154    0.999787        0.000907  0.999766      0.000937         0.501796
5    0.007412     0.010874 -0.007331  -0.010810  8.100764e-05  6.316299e-05   0.018995  0.018995  0.018995    0.999930        0.000586  0.992500      0.138147         8.258883
6    0.005060     0.006460 -0.005007  -0.006419  5.226192e-05  4.074948e-05   0.011847  0.011847  0.011847    0.999786        0.000916  0.991953      0.113648         5.150679
7    0.001450     0.002148 -0.001446  -0.002144  4.538849e-06  3.539015e-06   0.003741  0.003741  0.003741    0.999786        0.000916  0.997675      0.040387         1.626587
8    0.005579     0.007088 -0.005565  -0.007077  1.399620e-05  1.091307e-05   0.013023  0.013023  0.013023    0.999786        0.000916  0.997877      0.027958         5.662018
9    0.008998     0.011325 -0.008998  -0.011325  7.238111e-08  5.643674e-08   0.000557  0.000557  0.000557    0.999838        0.001029  0.999832      0.001115         0.242106
10   0.018180     0.018551 -0.018180  -0.018551  3.300542e-07  2.573487e-07   0.001000  0.001000  0.001000    0.999854        0.000907  0.999838      0.001029         0.434739
11   0.010938     0.009223 -0.010938  -0.009223  1.001597e-07  7.809613e-08   0.000551  0.000551  0.000551    0.999766        0.000937  0.999757      0.000956         0.239487
12  -0.003726    -0.005392  0.003752   0.005412  2.604748e-05  2.030965e-05   0.009577  0.009577  0.009577    0.987749        0.224106  0.992500      0.138147         4.164004
13  -0.002549    -0.004375  0.002567   0.004388  1.751747e-05  1.365866e-05   0.007393  0.007393  0.007393    0.988473        0.231222  0.992500      0.138147         3.214412
14  -0.002152    -0.003370  0.002167   0.003381  1.495653e-05  1.166185e-05   0.005869  0.005869  0.005869    0.983351        0.314359  0.987749      0.224106         2.551762
15   0.003150     0.004592 -0.003112  -0.004562  3.789341e-05  2.954611e-05   0.008055  0.008055  0.008055    0.997877        0.027958  0.989673      0.178713         3.502128
16  -0.001127    -0.001180  0.001129   0.001182  2.364889e-06  1.843943e-06   0.002379  0.002379  0.002379    0.990153        0.128975  0.991953      0.113648         1.034290
--------------------------------------------------

TRAFO:
    p_hv_mw  q_hv_mvar   p_lv_mw  q_lv_mvar    pl_mw  ql_mvar   i_hv_ka   i_lv_ka  vm_hv_pu  va_hv_degree  vm_lv_pu  va_lv_degree  loading_percent
0  0.007422   0.011873 -0.007412  -0.010874  0.00001    0.001  0.000539  0.018995  0.999930      0.000579  0.999930      0.000586         0.140032
1  0.012098   0.016696 -0.012088  -0.015696  0.00001    0.001  0.000794  0.028602  0.999787      0.000907  0.999786      0.000916         0.206230
2  0.039562   0.045061 -0.039552  -0.041061  0.00001    0.004  0.000495  0.002194  1.000000      0.000000  1.000000      0.000006         0.149909
3  0.046491   0.046085 -0.046481  -0.042085  0.00001    0.004  0.000540  0.002413  1.000000      0.000000  1.000000      0.000006         0.163655
--------------------------------------------------
