Pandapower Network Debug Info
==================================================

BUS:
       vm_pu  va_degree      p_mw    q_mvar
0   0.992485   0.116100  0.001030  0.000869
1   0.987716   0.184195  0.001653  0.001625
2   0.983102   0.271374  0.002326  0.003447
3   0.988397   0.203550  0.002675  0.004328
4   0.989837   0.261088  0.002604  0.005072
5   0.992866   0.117100  0.003038  0.005056
6   0.991218   0.111026  0.001225  0.000835
7   0.997710   0.032903  0.001528  0.001983
8   0.997906   0.046456  0.001983  0.002992
9   0.999820   0.001006  0.011541  0.008656
10  0.999826   0.001013  0.011819  0.010480
11  0.999845   0.000987  0.010687  0.012478
12  0.999787   0.002143  0.009051  0.006925
13  0.999762   0.002336  0.009773  0.008628
14  0.999770   0.002308  0.012095  0.013592
15  0.999926   0.000586  0.000000  0.000000
16  0.999926   0.000592  0.000000  0.000000
17  0.999792   0.002146  0.000000  0.000000
18  0.999792   0.002155  0.000000  0.000000
19  1.000000   0.000000 -0.041897 -0.046996
20  1.000000   0.000006  0.000000  0.000000
21  1.000000   0.000000 -0.041432 -0.050172
22  1.000000   0.000007  0.000000  0.000000
--------------------------------------------------

LINE:
    p_from_mw  q_from_mvar   p_to_mw  q_to_mvar         pl_mw       ql_mvar  i_from_ka   i_to_ka      i_ka  vm_from_pu  va_from_degree  vm_to_pu  va_to_degree  loading_percent
0    0.041887     0.042996 -0.041883  -0.042993  3.524347e-06  2.747992e-06   0.002310  0.002310  0.002310    1.000000        0.000006  0.999926      0.000586         1.004525
1    0.041422     0.046172 -0.041411  -0.046164  1.034957e-05  8.069734e-06   0.002388  0.002388  0.002388    1.000000        0.000007  0.999792      0.002146         1.038045
2    0.034051     0.031617 -0.034048  -0.031614  2.987063e-06  2.329062e-06   0.001789  0.001789  0.001789    0.999926        0.000586  0.999845      0.000987         0.777653
3    0.009051     0.006925 -0.009051  -0.006925  4.493539e-08  3.503686e-08   0.000439  0.000439  0.000439    0.999792        0.002146  0.999787      0.002143         0.190760
4    0.021868     0.022220 -0.021868  -0.022220  5.316843e-07  4.145630e-07   0.001200  0.001200  0.001200    0.999792        0.002146  0.999770      0.002308         0.521838
5    0.007822     0.010377 -0.007743  -0.010315  7.899247e-05  6.159173e-05   0.018758  0.018758  0.018758    0.999926        0.000592  0.992485      0.116100         8.155511
6    0.004307     0.005925 -0.004265  -0.005893  4.164652e-05  3.247248e-05   0.010575  0.010575  0.010575    0.999792        0.002155  0.992866      0.117100         4.597917
7    0.001532     0.001987 -0.001528  -0.001983  4.253700e-06  3.316680e-06   0.003622  0.003622  0.003622    0.999792        0.002155  0.997710      0.032903         1.574664
8    0.004643     0.008107 -0.004628  -0.008095  1.501287e-05  1.170578e-05   0.013487  0.013487  0.013487    0.999792        0.002155  0.997906      0.046456         5.864055
9    0.011541     0.008656 -0.011541  -0.008656  7.200050e-08  5.613997e-08   0.000555  0.000555  0.000555    0.999826        0.001013  0.999820      0.001006         0.241469
10   0.023361     0.019137 -0.023360  -0.019136  4.461378e-07  3.478610e-07   0.001163  0.001163  0.001163    0.999845        0.000987  0.999826      0.001013         0.505441
11   0.009773     0.008628 -0.009773  -0.008628  8.315457e-08  6.483699e-08   0.000502  0.000502  0.000502    0.999770        0.002308  0.999762      0.002336         0.218212
12  -0.003995    -0.005084  0.004021   0.005104  2.535634e-05  1.977076e-05   0.009449  0.009449  0.009449    0.987716        0.184195  0.992485      0.116100         4.108390
13  -0.002675    -0.004328  0.002692   0.004342  1.769122e-05  1.379414e-05   0.007430  0.007430  0.007430    0.988397        0.203550  0.992485      0.116100         3.230315
14  -0.002326    -0.003447  0.002342   0.003460  1.618400e-05  1.261893e-05   0.006105  0.006105  0.006105    0.983102        0.271374  0.987716      0.184195         2.654408
15   0.002645     0.005103 -0.002604  -0.005072  4.036728e-05  3.147503e-05   0.008314  0.008314  0.008314    0.997906        0.046456  0.989837      0.261088         3.614639
16  -0.001225    -0.000835  0.001227   0.000837  1.948272e-06  1.519099e-06   0.002159  0.002159  0.002159    0.991218        0.111026  0.992866      0.117100         0.938775
--------------------------------------------------

TRAFO:
    p_hv_mw  q_hv_mvar   p_lv_mw  q_lv_mvar    pl_mw  ql_mvar   i_hv_ka   i_lv_ka  vm_hv_pu  va_hv_degree  vm_lv_pu  va_lv_degree  loading_percent
0  0.007832   0.011376 -0.007822  -0.010377  0.00001    0.001  0.000532  0.018758  0.999926      0.000586  0.999926      0.000592         0.138129
1  0.010492   0.017018 -0.010482  -0.016019  0.00001    0.001  0.000770  0.027637  0.999792      0.002146  0.999792      0.002155         0.199967
2  0.041897   0.046996 -0.041887  -0.042996  0.00001    0.004  0.000519  0.002310  1.000000      0.000000  1.000000      0.000006         0.157400
3  0.041432   0.050172 -0.041422  -0.046172  0.00001    0.004  0.000537  0.002388  1.000000      0.000000  1.000000      0.000007         0.162670
--------------------------------------------------
